# Calibration file of tamex_id 0 @ channel 44
# fine_T bin		 Calibration value
1		0
2		0
3		0
4		0
5		0
6		0
7		0
8		0
9		0
10		0
11		0
12		0
13		0
14		0
15		0
16		0
17		0
18		0.00664316
19		0.00741012
20		0.00985805
21		0.0132056
22		0.0158986
23		0.0175652
24		0.0177468
25		0.0191337
26		0.0239949
27		0.0255318
28		0.0261834
29		0.0298913
30		0.0300759
31		0.0334551
32		0.0343691
33		0.0345508
34		0.0349804
35		0.0411161
36		0.0426125
37		0.0429873
38		0.0455074
39		0.0486156
40		0.0498352
41		0.0514441
42		0.0525369
43		0.0565187
44		0.0592665
45		0.0598807
46		0.060714
47		0.0641192
48		0.0657252
49		0.0664373
50		0.0701597
51		0.0718983
52		0.0730574
53		0.0745827
54		0.0771546
55		0.0773824
56		0.0819034
57		0.0842764
58		0.0844408
59		0.087944
60		0.0890195
61		0.093849
62		0.0948726
63		0.0955012
64		0.0977876
65		0.101121
66		0.103347
67		0.103537
68		0.105045
69		0.109825
70		0.110794
71		0.113591
72		0.114837
73		0.116656
74		0.118461
75		0.120574
76		0.121024
77		0.122705
78		0.127368
79		0.129037
80		0.130061
81		0.133446
82		0.134034
83		0.134654
84		0.136196
85		0.138168
86		0.143834
87		0.14557
88		0.146227
89		0.146475
90		0.146934
91		0.151905
92		0.153041
93		0.15616
94		0.158496
95		0.162218
96		0.163426
97		0.165148
98		0.165335
99		0.169357
100		0.172203
101		0.172529
102		0.175378
103		0.178261
104		0.179804
105		0.182381
106		0.182863
107		0.184287
108		0.187692
109		0.189803
110		0.192977
111		0.193955
112		0.196956
113		0.198574
114		0.199055
115		0.199831
116		0.202882
117		0.203127
118		0.207109
119		0.20983
120		0.211612
121		0.215323
122		0.215441
123		0.216211
124		0.216993
125		0.223595
126		0.224855
127		0.225178
128		0.22651
129		0.229982
130		0.232271
131		0.233347
132		0.233514
133		0.239194
134		0.24018
135		0.240445
136		0.243611
137		0.245261
138		0.248098
139		0.250073
140		0.251206
141		0.251676
142		0.255762
143		0.259167
144		0.26177
145		0.261912
146		0.262128
147		0.26483
148		0.268514
149		0.270158
150		0.271058
151		0.273722
152		0.276769
153		0.277015
154		0.279624
155		0.281146
156		0.281939
157		0.28315
158		0.285085
159		0.290926
160		0.291252
161		0.291529
162		0.292867
163		0.296667
164		0.300943
165		0.301595
166		0.301768
167		0.305069
168		0.305369
169		0.30765
170		0.312087
171		0.312329
172		0.313728
173		0.315484
174		0.316539
175		0.321296
176		0.323903
177		0.324462
178		0.326279
179		0.327617
180		0.331691
181		0.332051
182		0.336024
183		0.336667
184		0.33693
185		0.342221
186		0.342443
187		0.342636
188		0.345554
189		0.351496
190		0.351874
191		0.352745
192		0.353048
193		0.35683
194		0.361213
195		0.361862
196		0.363032
197		0.363425
198		0.368231
199		0.368444
200		0.37202
201		0.372579
202		0.373167
203		0.377495
204		0.377706
205		0.381566
206		0.383002
207		0.385736
208		0.38746
209		0.387803
210		0.391537
211		0.393956
212		0.394587
213		0.396718
214		0.396958
215		0.403229
216		0.404714
217		0.405034
218		0.408159
219		0.410734
220		0.413217
221		0.414603
222		0.415667
223		0.418637
224		0.420007
225		0.420428
226		0.424052
227		0.426783
228		0.429156
229		0.430877
230		0.431719
231		0.435461
232		0.436718
233		0.437653
234		0.440484
235		0.442263
236		0.444385
237		0.446242
238		0.448903
239		0.449927
240		0.451576
241		0.457207
242		0.457524
243		0.457648
244		0.460339
245		0.461192
246		0.464998
247		0.467385
248		0.469349
249		0.4715
250		0.472149
251		0.472365
252		0.475949
253		0.476673
254		0.481341
255		0.482635
256		0.483938
257		0.485997
258		0.487168
259		0.48863
260		0.492911
261		0.494007
262		0.496908
263		0.498473
264		0.499344
265		0.501279
266		0.504081
267		0.507455
268		0.509436
269		0.509675
270		0.510958
271		0.514236
272		0.516618
273		0.518022
274		0.519669
275		0.523238
276		0.524218
277		0.525081
278		0.526427
279		0.531213
280		0.533445
281		0.534296
282		0.534477
283		0.542153
284		0.542911
285		0.545618
286		0.548502
287		0.548796
288		0.55174
289		0.55225
290		0.558311
291		0.559692
292		0.560098
293		0.5609
294		0.561332
295		0.567589
296		0.569109
297		0.572081
298		0.575063
299		0.578229
300		0.581519
301		0.586362
302		0.58691
303		0.588773
304		0.589324
305		0.591893
306		0.59392
307		0.595171
308		0.598346
309		0.601027
310		0.601927
311		0.604158
312		0.604879
313		0.60985
314		0.610986
315		0.61207
316		0.614458
317		0.617819
318		0.618263
319		0.621562
320		0.622032
321		0.62715
322		0.62749
323		0.628669
324		0.630618
325		0.632885
326		0.636022
327		0.638747
328		0.638865
329		0.641835
330		0.642656
331		0.644793
332		0.64891
333		0.649637
334		0.651713
335		0.653339
336		0.655219
337		0.658203
338		0.660343
339		0.664203
340		0.664466
341		0.665867
342		0.671957
343		0.674517
344		0.674863
345		0.676752
346		0.679113
347		0.681405
348		0.684929
349		0.686341
350		0.686736
351		0.687584
352		0.687942
353		0.694305
354		0.6962
355		0.697041
356		0.700894
357		0.704844
358		0.708272
359		0.709024
360		0.710215
361		0.71548
362		0.71612
363		0.717689
364		0.718963
365		0.720145
366		0.724032
367		0.726045
368		0.72691
369		0.730399
370		0.730848
371		0.736355
372		0.736477
373		0.736736
374		0.740554
375		0.743699
376		0.744916
377		0.747139
378		0.747753
379		0.750913
380		0.752597
381		0.753543
382		0.754206
383		0.758231
384		0.759779
385		0.761821
386		0.763392
387		0.764649
388		0.765039
389		0.766806
390		0.770802
391		0.771451
392		0.774897
393		0.775243
394		0.776315
395		0.780041
396		0.783397
397		0.785254
398		0.786407
399		0.786511
400		0.790201
401		0.793987
402		0.794719
403		0.795757
404		0.798076
405		0.801406
406		0.801735
407		0.803286
408		0.803854
409		0.809176
410		0.810174
411		0.813354
412		0.813738
413		0.818498
414		0.818836
415		0.819043
416		0.821286
417		0.826462
418		0.826759
419		0.827661
420		0.828653
421		0.830548
422		0.8379
423		0.838165
424		0.838494
425		0.839947
426		0.840806
427		0.844852
428		0.846368
429		0.847421
430		0.850745
431		0.853392
432		0.853914
433		0.855361
434		0.856708
435		0.862056
436		0.862944
437		0.863371
438		0.864565
439		0.868991
440		0.869357
441		0.872243
442		0.873722
443		0.875882
444		0.878142
445		0.878722
446		0.88012
447		0.88305
448		0.885382
449		0.887594
450		0.889765
451		0.891143
452		0.893349
453		0.895653
454		0.896795
455		0.897513
456		0.90116
457		0.904167
458		0.904908
459		0.906085
460		0.906506
461		0.911724
462		0.912269
463		0.914665
464		0.915009
465		0.918339
466		0.918624
467		0.922246
468		0.922606
469		0.926409
470		0.926859
471		0.928938
472		0.930307
473		0.933704
474		0.935872
475		0.938574
476		0.940289
477		0.941472
478		0.943611
479		0.944098
480		0.947276
481		0.949473
482		0.950055
483		0.954498
484		0.956078
485		0.956352
486		0.957679
487		0.962681
488		0.96331
489		0.964858
490		0.965588
491		0.971164
492		0.971899
493		0.972173
494		0.974981
495		0.979263
496		0.98108
497		0.982008
498		0.982576
499		0.985301
500		0.989779
501		0.991618
502		0.991791
503		0.993922
504		0.994109
505		0.997117
506		0.999988
507		1
508		1
509		1
510		1
511		1
512		1
513		1
514		1
515		1
516		1
517		1
518		1
519		1
520		1
521		1
522		1
523		1
524		1
525		1
526		1
527		1
528		1
529		1
530		1
531		1
532		1
533		1
534		1
535		1
536		1
537		1
538		1
539		1
540		1
541		1
542		1
543		1
544		1
545		1
546		1
547		1
548		1
549		1
550		1
551		1
552		1
553		1
554		1
555		1
556		1
557		1
558		1
559		1
560		1
561		1
562		1
563		1
564		1
565		1
566		1
567		1
568		1
569		1
570		1
571		1
572		1
573		1
574		1
575		1
576		1
577		1
578		1
579		1
580		1
581		1
582		1
583		1
584		1
585		1
586		1
587		1
588		1
589		1
590		1
591		1
592		1
593		1
594		1
595		1
596		1
597		1
598		1
599		1
600		1
