# Calibration file of tamex_id 5 @ channel 48
# fine_T bin		 Calibration value
1		0
2		0
3		0
4		0
5		0
6		0
7		0
8		0
9		0
10		0
11		0
12		0
13		0
14		0
15		0
16		0
17		0.0054302
18		0.00752009
19		0.00889836
20		0.0116646
21		0.0158012
22		0.01822
23		0.0198505
24		0.0202729
25		0.0235832
26		0.0255135
27		0.0256863
28		0.029053
29		0.0305177
30		0.0339559
31		0.0342875
32		0.0348615
33		0.0358016
34		0.0404663
35		0.044893
36		0.0460209
37		0.0468798
38		0.0479732
39		0.0490181
40		0.0521327
41		0.0560136
42		0.0581475
43		0.0585302
44		0.0604464
45		0.0613309
46		0.0626642
47		0.0681879
48		0.0684295
49		0.0688122
50		0.071843
51		0.0739214
52		0.0749152
53		0.0784821
54		0.0789142
55		0.0809679
56		0.0829406
57		0.0863267
58		0.0867429
59		0.0905268
60		0.0918292
61		0.093107
62		0.0941449
63		0.0960266
64		0.10034
65		0.102049
66		0.102049
67		0.105971
68		0.107516
69		0.110005
70		0.111818
71		0.112601
72		0.114177
73		0.119377
74		0.120947
75		0.121202
76		0.125935
77		0.126307
78		0.126948
79		0.130362
80		0.130643
81		0.134678
82		0.136043
83		0.137278
84		0.139025
85		0.139932
86		0.145324
87		0.147509
88		0.147973
89		0.1488
90		0.150957
91		0.151129
92		0.157964
93		0.158245
94		0.159483
95		0.159648
96		0.163213
97		0.165873
98		0.170149
99		0.170625
100		0.170779
101		0.171787
102		0.177438
103		0.179602
104		0.181756
105		0.182233
106		0.182746
107		0.186908
108		0.187559
109		0.190094
110		0.193268
111		0.194457
112		0.197661
113		0.198573
114		0.199687
115		0.202284
116		0.204921
117		0.206051
118		0.209873
119		0.210355
120		0.212186
121		0.21301
122		0.215293
123		0.217417
124		0.220588
125		0.222675
126		0.225046
127		0.22648
128		0.228499
129		0.23164
130		0.232308
131		0.236299
132		0.236729
133		0.237219
134		0.238503
135		0.243177
136		0.244758
137		0.249902
138		0.250429
139		0.250669
140		0.250821
141		0.254725
142		0.257184
143		0.260503
144		0.260593
145		0.262432
146		0.26505
147		0.266701
148		0.269755
149		0.271871
150		0.272482
151		0.276456
152		0.276818
153		0.277754
154		0.282766
155		0.283509
156		0.285755
157		0.287737
158		0.288406
159		0.290597
160		0.293983
161		0.29424
162		0.295646
163		0.29735
164		0.301389
165		0.301907
166		0.305575
167		0.30649
168		0.307959
169		0.310139
170		0.312073
171		0.315768
172		0.317525
173		0.318767
174		0.318908
175		0.32351
176		0.327636
177		0.328208
178		0.328433
179		0.329131
180		0.332914
181		0.333683
182		0.339603
183		0.339828
184		0.34011
185		0.341926
186		0.344825
187		0.34519
188		0.350833
189		0.350833
190		0.353009
191		0.353661
192		0.355999
193		0.359323
194		0.361803
195		0.364503
196		0.365798
197		0.368748
198		0.369127
199		0.371321
200		0.374003
201		0.374333
202		0.378922
203		0.379153
204		0.379671
205		0.384328
206		0.385013
207		0.385608
208		0.389044
209		0.391477
210		0.393312
211		0.396261
212		0.397023
213		0.399403
214		0.404457
215		0.40601
216		0.406304
217		0.409959
218		0.410053
219		0.414082
220		0.416605
221		0.41682
222		0.41849
223		0.418883
224		0.421285
225		0.424133
226		0.426992
227		0.429426
228		0.43178
229		0.432381
230		0.433014
231		0.436772
232		0.439185
233		0.442822
234		0.44283
235		0.443252
236		0.44532
237		0.447939
238		0.448332
239		0.453692
240		0.454148
241		0.456054
242		0.458077
243		0.461613
244		0.464235
245		0.464501
246		0.466783
247		0.467922
248		0.471308
249		0.471896
250		0.475624
251		0.475937
252		0.477851
253		0.482351
254		0.482588
255		0.48316
256		0.485314
257		0.489069
258		0.492788
259		0.493132
260		0.495534
261		0.496802
262		0.498185
263		0.498584
264		0.503497
265		0.504277
266		0.508831
267		0.50941
268		0.511505
269		0.511993
270		0.515243
271		0.518273
272		0.518683
273		0.522079
274		0.522375
275		0.525764
276		0.52667
277		0.529819
278		0.531272
279		0.533856
280		0.535739
281		0.536297
282		0.53746
283		0.54263
284		0.544069
285		0.549437
286		0.550123
287		0.554212
288		0.554464
289		0.556077
290		0.560761
291		0.561616
292		0.561617
293		0.562129
294		0.567711
295		0.568776
296		0.571258
297		0.573489
298		0.575434
299		0.581087
300		0.586018
301		0.587454
302		0.587717
303		0.589329
304		0.594969
305		0.596165
306		0.596602
307		0.597907
308		0.601927
309		0.602162
310		0.605265
311		0.606462
312		0.607713
313		0.613102
314		0.613319
315		0.613669
316		0.618141
317		0.61893
318		0.619601
319		0.622926
320		0.624263
321		0.628726
322		0.629418
323		0.629576
324		0.631705
325		0.634348
326		0.639336
327		0.639642
328		0.639955
329		0.641297
330		0.64628
331		0.647529
332		0.650939
333		0.652135
334		0.652997
335		0.654325
336		0.65937
337		0.660141
338		0.6635
339		0.6635
340		0.665554
341		0.669448
342		0.673611
343		0.676928
344		0.678702
345		0.680992
346		0.681227
347		0.683259
348		0.684303
349		0.688493
350		0.688493
351		0.689671
352		0.690712
353		0.695592
354		0.695711
355		0.699761
356		0.702365
357		0.707904
358		0.708175
359		0.712848
360		0.713947
361		0.718673
362		0.718974
363		0.720287
364		0.723555
365		0.724291
366		0.727249
367		0.731474
368		0.732088
369		0.733396
370		0.734223
371		0.737765
372		0.741689
373		0.74292
374		0.743846
375		0.748726
376		0.749102
377		0.752986
378		0.754498
379		0.755138
380		0.75706
381		0.758892
382		0.7618
383		0.76462
384		0.766979
385		0.7671
386		0.767285
387		0.772025
388		0.772414
389		0.777623
390		0.778002
391		0.778266
392		0.780453
393		0.782223
394		0.783576
395		0.788863
396		0.789025
397		0.790041
398		0.792505
399		0.792898
400		0.798326
401		0.798605
402		0.799986
403		0.801867
404		0.803967
405		0.807255
406		0.810827
407		0.81094
408		0.811483
409		0.814095
410		0.814425
411		0.818863
412		0.820198
413		0.821894
414		0.823094
415		0.824937
416		0.826015
417		0.830934
418		0.831959
419		0.833113
420		0.834235
421		0.839392
422		0.840663
423		0.842855
424		0.84462
425		0.84554
426		0.847938
427		0.849758
428		0.853506
429		0.853901
430		0.855821
431		0.857739
432		0.86005
433		0.861155
434		0.86416
435		0.865853
436		0.866983
437		0.871606
438		0.872397
439		0.875272
440		0.875588
441		0.877306
442		0.881928
443		0.883925
444		0.884755
445		0.886333
446		0.888149
447		0.890069
448		0.894875
449		0.895137
450		0.895916
451		0.901412
452		0.901984
453		0.902853
454		0.906317
455		0.907729
456		0.911314
457		0.91253
458		0.91253
459		0.916178
460		0.916456
461		0.921604
462		0.923311
463		0.924195
464		0.924829
465		0.929471
466		0.930243
467		0.934285
468		0.935473
469		0.935752
470		0.937146
471		0.939464
472		0.940694
473		0.944882
474		0.945674
475		0.947015
476		0.948879
477		0.950586
478		0.953753
479		0.955951
480		0.957829
481		0.960786
482		0.961195
483		0.962328
484		0.966622
485		0.968794
486		0.969726
487		0.97187
488		0.972813
489		0.974442
490		0.977792
491		0.978063
492		0.979649
493		0.983186
494		0.985673
495		0.988517
496		0.989567
497		0.989864
498		0.99152
499		0.996035
500		0.999199
501		0.999565
502		0.999977
503		0.999977
504		1
505		1
506		1
507		1
508		1
509		1
510		1
511		1
512		1
513		1
514		1
515		1
516		1
517		1
518		1
519		1
520		1
521		1
522		1
523		1
524		1
525		1
526		1
527		1
528		1
529		1
530		1
531		1
532		1
533		1
534		1
535		1
536		1
537		1
538		1
539		1
540		1
541		1
542		1
543		1
544		1
545		1
546		1
547		1
548		1
549		1
550		1
551		1
552		1
553		1
554		1
555		1
556		1
557		1
558		1
559		1
560		1
561		1
562		1
563		1
564		1
565		1
566		1
567		1
568		1
569		1
570		1
571		1
572		1
573		1
574		1
575		1
576		1
577		1
578		1
579		1
580		1
581		1
582		1
583		1
584		1
585		1
586		1
587		1
588		1
589		1
590		1
591		1
592		1
593		1
594		1
595		1
596		1
597		1
598		1
599		1
600		1
