# Calibration file of tamex_id 5 @ channel 53
# fine_T bin		 Calibration value
1		0
2		0
3		0
4		0
5		0
6		0
7		0
8		0
9		0
10		0
11		0
12		0
13		0
14		0
15		0
16		0
17		0.00617058
18		0.00882566
19		0.0109025
20		0.0129293
21		0.0162766
22		0.0192262
23		0.0206985
24		0.0212488
25		0.0255993
26		0.0276786
27		0.0281363
28		0.0296488
29		0.0312302
30		0.033873
31		0.0362172
32		0.0378019
33		0.038098
34		0.0418587
35		0.0425797
36		0.0437297
37		0.0493556
38		0.049509
39		0.0496886
40		0.053264
41		0.0556205
42		0.0564687
43		0.0600309
44		0.0610439
45		0.064552
46		0.0666887
47		0.0674302
48		0.0702534
49		0.0706201
50		0.0736557
51		0.0748828
52		0.0789774
53		0.0797968
54		0.0827168
55		0.0831573
56		0.0852981
57		0.0854547
58		0.0885002
59		0.0933658
60		0.0947766
61		0.0958117
62		0.0960381
63		0.0996357
64		0.100187
65		0.104718
66		0.106665
67		0.107645
68		0.110048
69		0.111248
70		0.111453
71		0.118135
72		0.119196
73		0.119724
74		0.11985
75		0.122977
76		0.126444
77		0.126964
78		0.128976
79		0.129767
80		0.134267
81		0.13471
82		0.136433
83		0.137456
84		0.138642
85		0.144144
86		0.145655
87		0.146894
88		0.150038
89		0.151403
90		0.153252
91		0.155506
92		0.156288
93		0.159313
94		0.162644
95		0.163725
96		0.164324
97		0.167616
98		0.170211
99		0.171163
100		0.171794
101		0.171796
102		0.177371
103		0.178647
104		0.182391
105		0.183297
106		0.183856
107		0.184641
108		0.188961
109		0.189345
110		0.19309
111		0.193917
112		0.196289
113		0.197774
114		0.200041
115		0.203892
116		0.206029
117		0.208028
118		0.211191
119		0.212003
120		0.213432
121		0.214646
122		0.219833
123		0.220432
124		0.221705
125		0.223134
126		0.224822
127		0.227935
128		0.230494
129		0.232906
130		0.233247
131		0.236205
132		0.2364
133		0.239829
134		0.243499
135		0.244215
136		0.247164
137		0.247677
138		0.248018
139		0.253784
140		0.253899
141		0.255688
142		0.257633
143		0.25887
144		0.261195
145		0.263896
146		0.264884
147		0.265141
148		0.26843
149		0.271931
150		0.274757
151		0.276425
152		0.277983
153		0.281082
154		0.282647
155		0.285982
156		0.286136
157		0.287961
158		0.289586
159		0.292977
160		0.294867
161		0.297231
162		0.298326
163		0.299995
164		0.303772
165		0.306405
166		0.307839
167		0.309237
168		0.312127
169		0.313782
170		0.315324
171		0.316341
172		0.320189
173		0.323539
174		0.323812
175		0.326653
176		0.326875
177		0.327881
178		0.332932
179		0.333546
180		0.334895
181		0.33711
182		0.33888
183		0.342041
184		0.344024
185		0.344213
186		0.345804
187		0.349613
188		0.351862
189		0.352772
190		0.354799
191		0.355425
192		0.359423
193		0.359971
194		0.362394
195		0.364945
196		0.366544
197		0.366766
198		0.370652
199		0.370875
200		0.376317
201		0.37903
202		0.379291
203		0.379774
204		0.381399
205		0.388387
206		0.389422
207		0.390549
208		0.390766
209		0.396722
210		0.397294
211		0.398567
212		0.401085
213		0.404309
214		0.407062
215		0.407486
216		0.408034
217		0.412253
218		0.41381
219		0.414387
220		0.417533
221		0.418231
222		0.420698
223		0.423844
224		0.424772
225		0.425009
226		0.4285
227		0.43104
228		0.431185
229		0.43383
230		0.434506
231		0.436717
232		0.440681
233		0.444076
234		0.44418
235		0.444941
236		0.447011
237		0.448844
238		0.451815
239		0.454384
240		0.456968
241		0.457798
242		0.458419
243		0.46186
244		0.463556
245		0.468827
246		0.469075
247		0.469792
248		0.473028
249		0.47327
250		0.473634
251		0.47979
252		0.480395
253		0.484247
254		0.485035
255		0.486378
256		0.491653
257		0.492164
258		0.493742
259		0.496752
260		0.497309
261		0.500667
262		0.501544
263		0.503617
264		0.504864
265		0.507636
266		0.511513
267		0.512033
268		0.515726
269		0.516005
270		0.516515
271		0.519625
272		0.523151
273		0.523806
274		0.526844
275		0.52705
276		0.527159
277		0.531275
278		0.534204
279		0.534476
280		0.536475
281		0.536841
282		0.542037
283		0.543116
284		0.547052
285		0.547287
286		0.5512
287		0.553432
288		0.5597
289		0.559801
290		0.561274
291		0.562374
292		0.563782
293		0.563782
294		0.568605
295		0.568839
296		0.568883
297		0.571096
298		0.574355
299		0.574645
300		0.576979
301		0.577489
302		0.578193
303		0.579007
304		0.585392
305		0.587326
306		0.588264
307		0.588849
308		0.58996
309		0.593583
310		0.59662
311		0.596898
312		0.60076
313		0.601779
314		0.602534
315		0.606276
316		0.607576
317		0.612426
318		0.612676
319		0.613507
320		0.614629
321		0.619617
322		0.62004
323		0.624051
324		0.624311
325		0.62597
326		0.627026
327		0.629533
328		0.632373
329		0.635622
330		0.63644
331		0.637478
332		0.63898
333		0.639368
334		0.645511
335		0.647628
336		0.648533
337		0.648794
338		0.649948
339		0.653443
340		0.655578
341		0.659051
342		0.660361
343		0.663594
344		0.663859
345		0.668419
346		0.671653
347		0.675348
348		0.67807
349		0.678453
350		0.681065
351		0.681677
352		0.684199
353		0.684199
354		0.686419
355		0.689227
356		0.690271
357		0.690761
358		0.693459
359		0.695601
360		0.695613
361		0.697053
362		0.701415
363		0.702069
364		0.702314
365		0.704905
366		0.706619
367		0.706936
368		0.71212
369		0.713391
370		0.713391
371		0.714641
372		0.717562
373		0.720257
374		0.723913
375		0.724178
376		0.724538
377		0.726948
378		0.728006
379		0.732722
380		0.733611
381		0.736021
382		0.738823
383		0.739547
384		0.739951
385		0.747202
386		0.747639
387		0.74953
388		0.751791
389		0.753686
390		0.754323
391		0.756725
392		0.758884
393		0.761897
394		0.762699
395		0.765927
396		0.766679
397		0.770088
398		0.770226
399		0.77088
400		0.775536
401		0.777563
402		0.77963
403		0.77998
404		0.780882
405		0.78107
406		0.787384
407		0.790585
408		0.791142
409		0.791406
410		0.793011
411		0.797659
412		0.798718
413		0.802289
414		0.803441
415		0.80432
416		0.807394
417		0.807646
418		0.810685
419		0.814778
420		0.815554
421		0.817216
422		0.819125
423		0.821926
424		0.825445
425		0.826098
426		0.826209
427		0.829739
428		0.831654
429		0.832984
430		0.835807
431		0.836575
432		0.83852
433		0.844947
434		0.845714
435		0.845999
436		0.846373
437		0.849938
438		0.85169
439		0.855049
440		0.855368
441		0.85659
442		0.860473
443		0.86243
444		0.863019
445		0.867435
446		0.867745
447		0.869919
448		0.872516
449		0.875154
450		0.876697
451		0.879872
452		0.880686
453		0.884785
454		0.885866
455		0.886194
456		0.887643
457		0.888548
458		0.894949
459		0.894957
460		0.895502
461		0.897959
462		0.8995
463		0.903354
464		0.906397
465		0.906551
466		0.909256
467		0.91162
468		0.91288
469		0.913432
470		0.916856
471		0.920124
472		0.921114
473		0.921356
474		0.92158
475		0.930379
476		0.931102
477		0.932216
478		0.933985
479		0.936555
480		0.937012
481		0.941642
482		0.942168
483		0.943224
484		0.9462
485		0.947437
486		0.948551
487		0.955665
488		0.956091
489		0.95663
490		0.959513
491		0.960974
492		0.962137
493		0.965015
494		0.965589
495		0.967213
496		0.970045
497		0.973849
498		0.977185
499		0.977446
500		0.9784
501		0.982832
502		0.983978
503		0.988712
504		0.989096
505		0.990877
506		0.991186
507		0.99312
508		0.994867
509		0.99892
510		0.999533
511		0.999755
512		0.999986
513		1
514		1
515		1
516		1
517		1
518		1
519		1
520		1
521		1
522		1
523		1
524		1
525		1
526		1
527		1
528		1
529		1
530		1
531		1
532		1
533		1
534		1
535		1
536		1
537		1
538		1
539		1
540		1
541		1
542		1
543		1
544		1
545		1
546		1
547		1
548		1
549		1
550		1
551		1
552		1
553		1
554		1
555		1
556		1
557		1
558		1
559		1
560		1
561		1
562		1
563		1
564		1
565		1
566		1
567		1
568		1
569		1
570		1
571		1
572		1
573		1
574		1
575		1
576		1
577		1
578		1
579		1
580		1
581		1
582		1
583		1
584		1
585		1
586		1
587		1
588		1
589		1
590		1
591		1
592		1
593		1
594		1
595		1
596		1
597		1
598		1
599		1
600		1
