# Calibration file of tamex_id 0 @ channel 2
# fine_T bin		 Calibration value
1		0
2		0
3		0
4		0
5		0
6		0
7		0
8		0
9		0
10		0
11		0
12		0
13		0
14		0
15		0
16		0
17		0.00287793
18		0.00989804
19		0.0100214
20		0.0108796
21		0.0184702
22		0.0187785
23		0.0191383
24		0.0191434
25		0.0197293
26		0.0249558
27		0.0261121
28		0.0286663
29		0.028841
30		0.0293755
31		0.0343553
32		0.0360872
33		0.0364007
34		0.0364984
35		0.0421772
36		0.0446594
37		0.0450088
38		0.0454765
39		0.0513146
40		0.051885
41		0.053545
42		0.0541617
43		0.058566
44		0.0598353
45		0.0600306
46		0.0619784
47		0.0632272
48		0.0649642
49		0.0701085
50		0.071085
51		0.071085
52		0.0720871
53		0.0741274
54		0.0752015
55		0.0811886
56		0.0813993
57		0.0816974
58		0.0826944
59		0.0895552
60		0.0905265
61		0.0910815
62		0.0935997
63		0.0944271
64		0.0996125
65		0.100476
66		0.103087
67		0.103832
68		0.104387
69		0.109284
70		0.111484
71		0.111972
72		0.11539
73		0.11779
74		0.11834
75		0.121356
76		0.122287
77		0.123422
78		0.127503
79		0.129214
80		0.131496
81		0.133901
82		0.134461
83		0.136219
84		0.136604
85		0.14144
86		0.141985
87		0.144123
88		0.145572
89		0.149067
90		0.149416
91		0.152186
92		0.153723
93		0.158857
94		0.160152
95		0.16082
96		0.161077
97		0.165173
98		0.169074
99		0.169264
100		0.172964
101		0.173406
102		0.177224
103		0.178858
104		0.180431
105		0.183479
106		0.183972
107		0.186228
108		0.189995
109		0.191598
110		0.194548
111		0.197889
112		0.198105
113		0.198691
114		0.199163
115		0.204395
116		0.206281
117		0.206584
118		0.208558
119		0.21179
120		0.21325
121		0.215429
122		0.217526
123		0.222233
124		0.222588
125		0.222768
126		0.224762
127		0.229109
128		0.230821
129		0.231478
130		0.233704
131		0.234788
132		0.238699
133		0.238976
134		0.242266
135		0.243453
136		0.24374
137		0.248397
138		0.250519
139		0.252498
140		0.253058
141		0.256568
142		0.259461
143		0.261584
144		0.2633
145		0.265382
146		0.265983
147		0.266898
148		0.268984
149		0.276426
150		0.276477
151		0.276667
152		0.27678
153		0.281395
154		0.283492
155		0.287516
156		0.288117
157		0.291725
158		0.29229
159		0.292753
160		0.294562
161		0.29746
162		0.301674
163		0.302692
164		0.303041
165		0.304419
166		0.308607
167		0.309769
168		0.311295
169		0.311834
170		0.31427
171		0.318813
172		0.319148
173		0.319271
174		0.322046
175		0.327735
176		0.328244
177		0.329539
178		0.330937
179		0.335207
180		0.335387
181		0.335541
182		0.337551
183		0.34232
184		0.343805
185		0.345712
186		0.346817
187		0.348744
188		0.351206
189		0.353786
190		0.35452
191		0.35727
192		0.357964
193		0.360096
194		0.365451
195		0.367019
196		0.367302
197		0.371151
198		0.37132
199		0.371598
200		0.375216
201		0.377462
202		0.38055
203		0.382488
204		0.382842
205		0.385407
206		0.387678
207		0.388192
208		0.391291
209		0.393784
210		0.395639
211		0.39623
212		0.398178
213		0.401014
214		0.402818
215		0.405357
216		0.40566
217		0.411452
218		0.41174
219		0.41302
220		0.414813
221		0.416802
222		0.420918
223		0.422321
224		0.422707
225		0.426171
226		0.42743
227		0.43131
228		0.432559
229		0.434363
230		0.436336
231		0.438762
232		0.441126
233		0.443202
234		0.444584
235		0.44718
236		0.448094
237		0.449307
238		0.450155
239		0.455371
240		0.457196
241		0.457972
242		0.460351
243		0.463944
244		0.465557
245		0.465855
246		0.468219
247		0.471637
248		0.471904
249		0.472218
250		0.475615
251		0.479366
252		0.48097
253		0.483036
254		0.483863
255		0.485646
256		0.488488
257		0.491947
258		0.493314
259		0.495015
260		0.49521
261		0.499301
262		0.501727
263		0.502025
264		0.503716
265		0.505365
266		0.509389
267		0.510499
268		0.512524
269		0.516384
270		0.516774
271		0.517006
272		0.520469
273		0.522355
274		0.525038
275		0.525978
276		0.527001
277		0.531914
278		0.533148
279		0.535902
280		0.537763
281		0.538307
282		0.540641
283		0.541817
284		0.546844
285		0.54893
286		0.552039
287		0.553468
288		0.555118
289		0.556659
290		0.561398
291		0.56334
292		0.565088
293		0.565088
294		0.566275
295		0.570165
296		0.572282
297		0.574734
298		0.578938
299		0.58052
300		0.587988
301		0.588918
302		0.589437
303		0.594114
304		0.59658
305		0.599119
306		0.599381
307		0.602367
308		0.602917
309		0.604089
310		0.607126
311		0.610143
312		0.612132
313		0.614999
314		0.615179
315		0.619388
316		0.62113
317		0.621408
318		0.625622
319		0.626362
320		0.62944
321		0.631809
322		0.632488
323		0.633886
324		0.635725
325		0.639323
326		0.640947
327		0.642036
328		0.644596
329		0.647124
330		0.648054
331		0.648846
332		0.650408
333		0.655475
334		0.656298
335		0.658913
336		0.659823
337		0.66175
338		0.665086
339		0.669022
340		0.670266
341		0.670821
342		0.677024
343		0.679378
344		0.679871
345		0.680873
346		0.684028
347		0.685884
348		0.688767
349		0.688767
350		0.690252
351		0.691002
352		0.694178
353		0.69921
354		0.699533
355		0.70108
356		0.706415
357		0.709884
358		0.712767
359		0.714329
360		0.71472
361		0.719329
362		0.722084
363		0.72358
364		0.72489
365		0.728236
366		0.728924
367		0.729027
368		0.729865
369		0.735148
370		0.736998
371		0.738678
372		0.738791
373		0.742661
374		0.744568
375		0.748006
376		0.748134
377		0.751835
378		0.75202
379		0.753161
380		0.758187
381		0.759384
382		0.762026
383		0.763259
384		0.763362
385		0.763691
386		0.768748
387		0.76977
388		0.772304
389		0.773861
390		0.774077
391		0.77641
392		0.778563
393		0.779514
394		0.782351
395		0.786565
396		0.788184
397		0.789906
398		0.791355
399		0.793169
400		0.796566
401		0.798452
402		0.800205
403		0.800575
404		0.802615
405		0.805231
406		0.806099
407		0.809794
408		0.810678
409		0.813309
410		0.814702
411		0.818664
412		0.820001
413		0.822827
414		0.823033
415		0.823711
416		0.824862
417		0.829637
418		0.831749
419		0.833265
420		0.833979
421		0.84028
422		0.840861
423		0.842315
424		0.842556
425		0.847141
426		0.848482
427		0.849648
428		0.85209
429		0.852418
430		0.856458
431		0.85726
432		0.857969
433		0.861309
434		0.864084
435		0.865564
436		0.867851
437		0.868047
438		0.871701
439		0.874676
440		0.875221
441		0.875612
442		0.87814
443		0.880843
444		0.883639
445		0.883767
446		0.884502
447		0.890721
448		0.890967
449		0.892828
450		0.894678
451		0.89809
452		0.899421
453		0.901991
454		0.902448
455		0.905177
456		0.90806
457		0.90842
458		0.909232
459		0.913816
460		0.914659
461		0.915569
462		0.920132
463		0.921849
464		0.922635
465		0.925004
466		0.926053
467		0.929172
468		0.931366
469		0.933366
470		0.933622
471		0.937667
472		0.938217
473		0.942791
474		0.943037
475		0.945761
476		0.947318
477		0.9505
478		0.952262
479		0.953773
480		0.954482
481		0.958183
482		0.958902
483		0.96066
484		0.961837
485		0.967387
486		0.967721
487		0.967906
488		0.968821
489		0.974577
490		0.974875
491		0.978688
492		0.979464
493		0.980451
494		0.98154
495		0.984392
496		0.98468
497		0.990698
498		0.990785
499		0.993412
500		0.994732
501		0.99631
502		0.999825
503		0.999985
504		1
505		1
506		1
507		1
508		1
509		1
510		1
511		1
512		1
513		1
514		1
515		1
516		1
517		1
518		1
519		1
520		1
521		1
522		1
523		1
524		1
525		1
526		1
527		1
528		1
529		1
530		1
531		1
532		1
533		1
534		1
535		1
536		1
537		1
538		1
539		1
540		1
541		1
542		1
543		1
544		1
545		1
546		1
547		1
548		1
549		1
550		1
551		1
552		1
553		1
554		1
555		1
556		1
557		1
558		1
559		1
560		1
561		1
562		1
563		1
564		1
565		1
566		1
567		1
568		1
569		1
570		1
571		1
572		1
573		1
574		1
575		1
576		1
577		1
578		1
579		1
580		1
581		1
582		1
583		1
584		1
585		1
586		1
587		1
588		1
589		1
590		1
591		1
592		1
593		1
594		1
595		1
596		1
597		1
598		1
599		1
600		1
