# Calibration file of tamex_id 2 @ channel 32
# fine_T bin		 Calibration value
1		0
2		0
3		0
4		0
5		0
6		0
7		0
8		0
9		0
10		0
11		0
12		0
13		0
14		0
15		0
16		0
17		0.00212192
18		0.00794926
19		0.00844807
20		0.00950903
21		0.0173554
22		0.0181155
23		0.0183371
24		0.018448
25		0.0238082
26		0.0277908
27		0.02825
28		0.0290892
29		0.0305619
30		0.0336498
31		0.0340298
32		0.0343149
33		0.0376007
34		0.041219
35		0.0419157
36		0.0449086
37		0.0469038
38		0.0485032
39		0.0494691
40		0.0526995
41		0.0532221
42		0.0566187
43		0.058994
44		0.0591048
45		0.0592711
46		0.0626361
47		0.0674421
48		0.0695006
49		0.0718759
50		0.0720184
51		0.0741879
52		0.0752884
53		0.0787721
54		0.0815829
55		0.0835227
56		0.0846391
57		0.0848053
58		0.084932
59		0.0928417
60		0.095019
61		0.0952566
62		0.0972122
63		0.0988432
64		0.100751
65		0.103348
66		0.106888
67		0.107022
68		0.109231
69		0.110134
70		0.111567
71		0.116674
72		0.117489
73		0.121931
74		0.122184
75		0.122762
76		0.125043
77		0.128265
78		0.131559
79		0.131899
80		0.135019
81		0.136642
82		0.138083
83		0.139389
84		0.141424
85		0.145034
86		0.147307
87		0.149017
88		0.149935
89		0.152984
90		0.153403
91		0.156863
92		0.157228
93		0.161709
94		0.162049
95		0.165098
96		0.165462
97		0.168874
98		0.171337
99		0.171535
100		0.17376
101		0.176721
102		0.178787
103		0.179626
104		0.185699
105		0.185976
106		0.186158
107		0.189959
108		0.1914
109		0.191606
110		0.195185
111		0.198637
112		0.199603
113		0.200711
114		0.200885
115		0.207884
116		0.210925
117		0.211614
118		0.212073
119		0.216507
120		0.216895
121		0.218304
122		0.221075
123		0.22429
124		0.224527
125		0.226792
126		0.227757
127		0.231811
128		0.23254
129		0.233822
130		0.236459
131		0.240362
132		0.242983
133		0.243197
134		0.243814
135		0.247021
136		0.249095
137		0.252096
138		0.252967
139		0.256
140		0.257448
141		0.260465
142		0.260726
143		0.262967
144		0.266649
145		0.269111
146		0.270433
147		0.271542
148		0.27189
149		0.2782
150		0.280362
151		0.280473
152		0.280552
153		0.283331
154		0.286854
155		0.290029
156		0.291787
157		0.293877
158		0.294471
159		0.295358
160		0.29976
161		0.303038
162		0.303513
163		0.30569
164		0.306474
165		0.311811
166		0.313481
167		0.314321
168		0.316007
169		0.316656
170		0.320781
171		0.323196
172		0.325809
173		0.326062
174		0.326862
175		0.332594
176		0.333172
177		0.335001
178		0.337171
179		0.337891
180		0.341232
181		0.341351
182		0.343362
183		0.347456
184		0.348675
185		0.348794
186		0.351969
187		0.357376
188		0.357559
189		0.35816
190		0.360631
191		0.363893
192		0.365817
193		0.367083
194		0.369585
195		0.371889
196		0.374684
197		0.375619
198		0.377622
199		0.378382
200		0.38276
201		0.384716
202		0.385136
203		0.385626
204		0.388667
205		0.395096
206		0.395389
207		0.395816
208		0.395959
209		0.400923
210		0.403647
211		0.406307
212		0.406679
213		0.411335
214		0.411897
215		0.41276
216		0.413884
217		0.418817
218		0.420393
219		0.423085
220		0.423417
221		0.426283
222		0.428651
223		0.429799
224		0.430044
225		0.434557
226		0.437756
227		0.43987
228		0.440844
229		0.44116
230		0.442997
231		0.446228
232		0.449062
233		0.449664
234		0.45097
235		0.455151
236		0.456663
237		0.458452
238		0.458959
239		0.463678
240		0.465855
241		0.466251
242		0.467091
243		0.471889
244		0.472688
245		0.475499
246		0.478048
247		0.480392
248		0.481018
249		0.483409
250		0.483733
251		0.488096
252		0.490606
253		0.491738
254		0.49363
255		0.494897
256		0.499315
257		0.500883
258		0.503401
259		0.503701
260		0.504208
261		0.510819
262		0.511643
263		0.513195
264		0.51405
265		0.518294
266		0.5204
267		0.520645
268		0.521215
269		0.525942
270		0.526908
271		0.528301
272		0.531009
273		0.533123
274		0.535158
275		0.535348
276		0.537304
277		0.540154
278		0.544477
279		0.545902
280		0.547153
281		0.549283
282		0.549426
283		0.553131
284		0.555744
285		0.560336
286		0.562711
287		0.563479
288		0.564057
289		0.567106
290		0.570684
291		0.573028
292		0.573416
293		0.575063
294		0.575063
295		0.575063
296		0.58028
297		0.581365
298		0.581832
299		0.585261
300		0.585688
301		0.589053
302		0.589552
303		0.589758
304		0.591832
305		0.598934
306		0.599449
307		0.599655
308		0.600534
309		0.605078
310		0.607351
311		0.608142
312		0.60975
313		0.612909
314		0.613439
315		0.615553
316		0.616076
317		0.620724
318		0.622473
319		0.626527
320		0.626701
321		0.628031
322		0.630906
323		0.634358
324		0.636369
325		0.636836
326		0.639251
327		0.643178
328		0.644785
329		0.645411
330		0.645577
331		0.649544
332		0.652196
333		0.653083
334		0.654326
335		0.656424
336		0.657936
337		0.658886
338		0.663993
339		0.664318
340		0.666566
341		0.668997
342		0.669987
343		0.672552
344		0.674999
345		0.681444
346		0.682552
347		0.683075
348		0.686883
349		0.690462
350		0.693692
351		0.69404
352		0.695996
353		0.69853
354		0.701435
355		0.701435
356		0.703082
357		0.704682
358		0.704682
359		0.706202
360		0.710287
361		0.710287
362		0.712655
363		0.714428
364		0.716344
365		0.719503
366		0.720034
367		0.720398
368		0.72294
369		0.727057
370		0.728878
371		0.729741
372		0.731214
373		0.732108
374		0.736257
375		0.738046
376		0.741435
377		0.741934
378		0.744151
379		0.745339
380		0.746613
381		0.751008
382		0.751641
383		0.754943
384		0.755045
385		0.75822
386		0.759693
387		0.760398
388		0.764792
389		0.765346
390		0.768973
391		0.770564
392		0.772219
393		0.773541
394		0.775845
395		0.780437
396		0.780857
397		0.782306
398		0.783573
399		0.786185
400		0.786439
401		0.790865
402		0.792448
403		0.794728
404		0.795085
405		0.796573
406		0.796874
407		0.803469
408		0.804475
409		0.805013
410		0.806351
411		0.809257
412		0.813477
413		0.814079
414		0.814467
415		0.818085
416		0.818481
417		0.822765
418		0.823525
419		0.826201
420		0.828354
421		0.830651
422		0.831696
423		0.834918
424		0.838576
425		0.83894
426		0.840057
427		0.840286
428		0.843604
429		0.848069
430		0.848861
431		0.849423
432		0.849764
433		0.856407
434		0.85685
435		0.856985
436		0.860167
437		0.864942
438		0.865187
439		0.866517
440		0.866937
441		0.869581
442		0.870856
443		0.872756
444		0.87567
445		0.878307
446		0.880935
447		0.883223
448		0.883912
449		0.884435
450		0.888884
451		0.891204
452		0.89183
453		0.89354
454		0.895084
455		0.898093
456		0.900048
457		0.9024
458		0.904268
459		0.906224
460		0.909605
461		0.909716
462		0.911616
463		0.914823
464		0.91696
465		0.917879
466		0.920262
467		0.923389
468		0.926667
469		0.926984
470		0.927997
471		0.931101
472		0.933199
473		0.934403
474		0.937372
475		0.940768
476		0.941141
477		0.941877
478		0.945962
479		0.947815
480		0.949359
481		0.950468
482		0.95175
483		0.956509
484		0.958836
485		0.95905
486		0.959327
487		0.96441
488		0.965844
489		0.966105
490		0.967482
491		0.968456
492		0.971972
493		0.9762
494		0.976445
495		0.977688
496		0.978013
497		0.985511
498		0.985859
499		0.986976
500		0.987775
501		0.991877
502		0.992542
503		0.995313
504		0.997435
505		0.999105
506		0.999834
507		0.999984
508		0.999992
509		1
510		1
511		1
512		1
513		1
514		1
515		1
516		1
517		1
518		1
519		1
520		1
521		1
522		1
523		1
524		1
525		1
526		1
527		1
528		1
529		1
530		1
531		1
532		1
533		1
534		1
535		1
536		1
537		1
538		1
539		1
540		1
541		1
542		1
543		1
544		1
545		1
546		1
547		1
548		1
549		1
550		1
551		1
552		1
553		1
554		1
555		1
556		1
557		1
558		1
559		1
560		1
561		1
562		1
563		1
564		1
565		1
566		1
567		1
568		1
569		1
570		1
571		1
572		1
573		1
574		1
575		1
576		1
577		1
578		1
579		1
580		1
581		1
582		1
583		1
584		1
585		1
586		1
587		1
588		1
589		1
590		1
591		1
592		1
593		1
594		1
595		1
596		1
597		1
598		1
599		1
600		1
