# Calibration file of tamex_id 1 @ channel 53
# fine_T bin		 Calibration value
1		0
2		0
3		0
4		0
5		0
6		0
7		0
8		0
9		0
10		0
11		0
12		0
13		0
14		0
15		0
16		0
17		0.0037012
18		0.0074024
19		0.00978323
20		0.0114363
21		0.0140147
22		0.0181213
23		0.019712
24		0.0217186
25		0.0259604
26		0.0261475
27		0.0264698
28		0.0312211
29		0.0325207
30		0.0352654
31		0.0377918
32		0.0385299
33		0.0401414
34		0.0445288
35		0.0455372
36		0.0479077
37		0.0484067
38		0.0492904
39		0.0502573
40		0.0538857
41		0.0553101
42		0.0573374
43		0.0581172
44		0.0592296
45		0.0627125
46		0.0630556
47		0.0679004
48		0.0694079
49		0.0695639
50		0.0713521
51		0.0749701
52		0.0787129
53		0.0816759
54		0.0816759
55		0.0839424
56		0.0850756
57		0.0872173
58		0.0892655
59		0.0923637
60		0.0929355
61		0.0953579
62		0.0967095
63		0.0974684
64		0.103239
65		0.1038
66		0.105411
67		0.105567
68		0.108354
69		0.111462
70		0.113957
71		0.116255
72		0.117326
73		0.12083
74		0.122327
75		0.122483
76		0.127827
77		0.128627
78		0.129033
79		0.131632
80		0.13553
81		0.137277
82		0.138431
83		0.13867
84		0.142455
85		0.147299
86		0.147882
87		0.148994
88		0.149285
89		0.152519
90		0.155731
91		0.156584
92		0.161595
93		0.161772
94		0.162967
95		0.163196
96		0.164152
97		0.167625
98		0.171472
99		0.172397
100		0.173478
101		0.173884
102		0.175589
103		0.180142
104		0.18322
105		0.184436
106		0.186141
107		0.187992
108		0.188148
109		0.191537
110		0.19344
111		0.196559
112		0.196652
113		0.198742
114		0.199574
115		0.20629
116		0.207215
117		0.208681
118		0.210916
119		0.212247
120		0.214524
121		0.216666
122		0.218641
123		0.218984
124		0.223049
125		0.225732
126		0.226906
127		0.230015
128		0.230254
129		0.230452
130		0.23644
131		0.239019
132		0.240173
133		0.240318
134		0.241503
135		0.243437
136		0.246837
137		0.250684
138		0.251775
139		0.254125
140		0.25583
141		0.257067
142		0.259271
143		0.263024
144		0.263648
145		0.264605
146		0.267734
147		0.26868
148		0.268815
149		0.273421
150		0.275001
151		0.279108
152		0.279513
153		0.282747
154		0.283651
155		0.285991
156		0.287384
157		0.28861
158		0.292395
159		0.294443
160		0.296294
161		0.297479
162		0.298716
163		0.303769
164		0.305307
165		0.305796
166		0.307855
167		0.310246
168		0.312637
169		0.315288
170		0.315704
171		0.32111
172		0.321599
173		0.321776
174		0.323398
175		0.326548
176		0.329667
177		0.332578
178		0.332952
179		0.333046
180		0.334699
181		0.337225
182		0.340926
183		0.341498
184		0.341904
185		0.346977
186		0.348318
187		0.349722
188		0.350907
189		0.354993
190		0.35754
191		0.357883
192		0.359952
193		0.363591
194		0.36409
195		0.364963
196		0.369153
197		0.371732
198		0.371908
199		0.375225
200		0.376639
201		0.37746
202		0.380829
203		0.382669
204		0.386245
205		0.387139
206		0.389395
207		0.39214
208		0.395727
209		0.397099
210		0.398929
211		0.399834
212		0.403088
213		0.403743
214		0.407039
215		0.410241
216		0.411686
217		0.412663
218		0.414566
219		0.414961
220		0.415533
221		0.423029
222		0.423538
223		0.423569
224		0.425035
225		0.425233
226		0.428424
227		0.433508
228		0.43434
229		0.434662
230		0.436388
231		0.440516
232		0.443021
233		0.443666
234		0.446265
235		0.447045
236		0.448428
237		0.450216
238		0.454052
239		0.455362
240		0.4574
241		0.460113
242		0.46081
243		0.462775
244		0.4658
245		0.469179
246		0.470458
247		0.472922
248		0.47314
249		0.476873
250		0.481167
251		0.482113
252		0.482716
253		0.484712
254		0.488839
255		0.490368
256		0.490596
257		0.492364
258		0.496325
259		0.499028
260		0.501596
261		0.504413
262		0.505484
263		0.505827
264		0.509903
265		0.51008
266		0.513698
267		0.515798
268		0.516494
269		0.517482
270		0.518792
271		0.519655
272		0.525498
273		0.52582
274		0.527265
275		0.527754
276		0.530717
277		0.531559
278		0.534938
279		0.534948
280		0.539783
281		0.540614
282		0.542611
283		0.544908
284		0.548235
285		0.551749
286		0.555606
287		0.557332
288		0.557613
289		0.559183
290		0.564776
291		0.564787
292		0.564787
293		0.564787
294		0.56539
295		0.56696
296		0.569174
297		0.574144
298		0.575661
299		0.575755
300		0.578209
301		0.578583
302		0.579373
303		0.584623
304		0.587275
305		0.588938
306		0.590622
307		0.593346
308		0.594999
309		0.595748
310		0.600457
311		0.601549
312		0.602921
313		0.604741
314		0.607694
315		0.611686
316		0.61231
317		0.612601
318		0.61336
319		0.618153
320		0.621958
321		0.623143
322		0.623372
323		0.625992
324		0.628851
325		0.630223
326		0.631346
327		0.632417
328		0.636284
329		0.636575
330		0.640266
331		0.640682
332		0.64455
333		0.647513
334		0.647741
335		0.647825
336		0.651089
337		0.651474
338		0.656714
339		0.656849
340		0.65845
341		0.65845
342		0.662557
343		0.664345
344		0.668607
345		0.669023
346		0.670884
347		0.676821
348		0.68178
349		0.68282
350		0.685169
351		0.685543
352		0.685783
353		0.691626
354		0.692208
355		0.693528
356		0.693528
357		0.695004
358		0.695004
359		0.697333
360		0.699381
361		0.699381
362		0.70249
363		0.703571
364		0.706118
365		0.707823
366		0.71008
367		0.711816
368		0.714664
369		0.716661
370		0.72005
371		0.72216
372		0.724167
373		0.72477
374		0.727671
375		0.728055
376		0.732651
377		0.73447
378		0.738182
379		0.738753
380		0.739211
381		0.740646
382		0.744129
383		0.749254
384		0.749587
385		0.749805
386		0.750169
387		0.755534
388		0.756979
389		0.759588
390		0.760867
391		0.76435
392		0.764891
393		0.767802
394		0.769143
395		0.772501
396		0.77484
397		0.775911
398		0.776161
399		0.779009
400		0.782263
401		0.784083
402		0.784551
403		0.786869
404		0.788512
405		0.790404
406		0.793804
407		0.795425
408		0.796361
409		0.801206
410		0.802277
411		0.803005
412		0.806955
413		0.809336
414		0.80969
415		0.812902
416		0.813817
417		0.816905
418		0.818163
419		0.818579
420		0.822956
421		0.825108
422		0.828549
423		0.829911
424		0.829932
425		0.830452
426		0.833997
427		0.836638
428		0.839372
429		0.840796
430		0.840796
431		0.84351
432		0.846691
433		0.850902
434		0.853293
435		0.853699
436		0.854208
437		0.856682
438		0.860072
439		0.860342
440		0.865124
441		0.86683
442		0.867089
443		0.869429
444		0.871716
445		0.872506
446		0.876862
447		0.877756
448		0.879929
449		0.88048
450		0.881426
451		0.88649
452		0.887852
453		0.88911
454		0.889515
455		0.891896
456		0.892281
457		0.897292
458		0.897583
459		0.898799
460		0.903291
461		0.903426
462		0.903644
463		0.908572
464		0.91062
465		0.912128
466		0.915756
467		0.915943
468		0.91849
469		0.920559
470		0.921339
471		0.923314
472		0.92476
473		0.92817
474		0.929511
475		0.931039
476		0.931694
477		0.937152
478		0.938733
479		0.940147
480		0.941103
481		0.94208
482		0.945189
483		0.948225
484		0.949556
485		0.954494
486		0.955263
487		0.956251
488		0.956698
489		0.961782
490		0.963778
491		0.965753
492		0.966128
493		0.967417
494		0.970619
495		0.973416
496		0.975578
497		0.977907
498		0.978188
499		0.980454
500		0.982856
501		0.983771
502		0.990997
503		0.991319
504		0.991548
505		0.99424
506		0.994552
507		0.995665
508		0.999688
509		0.999958
510		1
511		1
512		1
513		1
514		1
515		1
516		1
517		1
518		1
519		1
520		1
521		1
522		1
523		1
524		1
525		1
526		1
527		1
528		1
529		1
530		1
531		1
532		1
533		1
534		1
535		1
536		1
537		1
538		1
539		1
540		1
541		1
542		1
543		1
544		1
545		1
546		1
547		1
548		1
549		1
550		1
551		1
552		1
553		1
554		1
555		1
556		1
557		1
558		1
559		1
560		1
561		1
562		1
563		1
564		1
565		1
566		1
567		1
568		1
569		1
570		1
571		1
572		1
573		1
574		1
575		1
576		1
577		1
578		1
579		1
580		1
581		1
582		1
583		1
584		1
585		1
586		1
587		1
588		1
589		1
590		1
591		1
592		1
593		1
594		1
595		1
596		1
597		1
598		1
599		1
600		1
