# Calibration file of tamex_id 2 @ channel 8
# fine_T bin		 Calibration value
1		0
2		0
3		0
4		0
5		0
6		0
7		0
8		0
9		0
10		0
11		0
12		0
13		0
14		0
15		0
16		0
17		0
18		0.0052761
19		0.00616005
20		0.0103312
21		0.0138118
22		0.016215
23		0.0176514
24		0.0179001
25		0.0189498
26		0.0237286
27		0.0252479
28		0.0267396
29		0.0274578
30		0.0287837
31		0.0339217
32		0.0343084
33		0.036325
34		0.0368498
35		0.0414353
36		0.0428165
37		0.0461313
38		0.0475677
39		0.0475677
40		0.0511036
41		0.0527886
42		0.0552471
43		0.0590868
44		0.0608823
45		0.0611309
46		0.0639209
47		0.0651087
48		0.0674015
49		0.0702743
50		0.0722908
51		0.0725947
52		0.0741692
53		0.0743626
54		0.078589
55		0.0818486
56		0.0820696
57		0.0851634
58		0.0857159
59		0.0884782
60		0.0910196
61		0.0921522
62		0.0955775
63		0.0963786
64		0.0970691
65		0.0990028
66		0.100494
67		0.10287
68		0.102953
69		0.108063
70		0.108561
71		0.109279
72		0.11077
73		0.11392
74		0.118671
75		0.119306
76		0.120135
77		0.124665
78		0.12577
79		0.126405
80		0.129527
81		0.133974
82		0.136543
83		0.138201
84		0.138283
85		0.139803
86		0.144195
87		0.146432
88		0.148256
89		0.149526
90		0.14972
91		0.153007
92		0.154112
93		0.15599
94		0.157316
95		0.160962
96		0.162233
97		0.163973
98		0.164913
99		0.168725
100		0.169526
101		0.17052
102		0.171266
103		0.175299
104		0.175548
105		0.178393
106		0.17947
107		0.181597
108		0.184221
109		0.184525
110		0.185741
111		0.189498
112		0.190602
113		0.192978
114		0.195658
115		0.196127
116		0.201265
117		0.20226
118		0.205243
119		0.205768
120		0.206431
121		0.211348
122		0.211624
123		0.21179
124		0.213889
125		0.219524
126		0.219773
127		0.221651
128		0.22201
129		0.225712
130		0.228419
131		0.229994
132		0.231016
133		0.235408
134		0.236513
135		0.23817
136		0.238667
137		0.240463
138		0.244303
139		0.24701
140		0.248308
141		0.249054
142		0.25201
143		0.252894
144		0.258225
145		0.25991
146		0.259993
147		0.263473
148		0.264716
149		0.264965
150		0.268722
151		0.270794
152		0.272506
153		0.273915
154		0.275655
155		0.279799
156		0.280213
157		0.281097
158		0.28165
159		0.28734
160		0.289025
161		0.290075
162		0.290959
163		0.292064
164		0.296263
165		0.298113
166		0.299881
167		0.302865
168		0.302947
169		0.30524
170		0.308693
171		0.31024
172		0.310765
173		0.314826
174		0.316069
175		0.317947
176		0.320074
177		0.323168
178		0.323693
179		0.326869
180		0.327947
181		0.331759
182		0.333112
183		0.334742
184		0.335516
185		0.339245
186		0.342256
187		0.342919
188		0.343775
189		0.348029
190		0.34941
191		0.351427
192		0.354659
193		0.355957
194		0.356703
195		0.356924
196		0.362449
197		0.362587
198		0.366012
199		0.367752
200		0.368056
201		0.370791
202		0.371039
203		0.376481
204		0.37952
205		0.380238
206		0.382172
207		0.382393
208		0.383636
209		0.387144
210		0.38847
211		0.393083
212		0.393636
213		0.393884
214		0.394105
215		0.399796
216		0.402862
217		0.403718
218		0.404022
219		0.407751
220		0.410735
221		0.410983
222		0.412143
223		0.414408
224		0.417364
225		0.418
226		0.422309
227		0.424961
228		0.427226
229		0.429712
230		0.431038
231		0.432529
232		0.43543
233		0.437502
234		0.439794
235		0.43996
236		0.442805
237		0.444435
238		0.445485
239		0.446977
240		0.449628
241		0.453247
242		0.45333
243		0.455015
244		0.45623
245		0.460098
246		0.462971
247		0.463965
248		0.465761
249		0.469656
250		0.470843
251		0.472943
252		0.473191
253		0.475677
254		0.478799
255		0.482335
256		0.48297
257		0.483412
258		0.485898
259		0.488633
260		0.492473
261		0.492638
262		0.494682
263		0.496561
264		0.498854
265		0.499157
266		0.502693
267		0.506229
268		0.507472
269		0.508577
270		0.510152
271		0.514682
272		0.517306
273		0.519212
274		0.519875
275		0.524267
276		0.524682
277		0.526284
278		0.52888
279		0.530786
280		0.531146
281		0.535289
282		0.536394
283		0.542029
284		0.542278
285		0.545455
286		0.545758
287		0.550233
288		0.551642
289		0.553465
290		0.555648
291		0.557692
292		0.559266
293		0.559681
294		0.56167
295		0.568437
296		0.569653
297		0.570399
298		0.576807
299		0.577415
300		0.579901
301		0.586089
302		0.587498
303		0.587608
304		0.588105
305		0.593243
306		0.59363
307		0.595674
308		0.597608
309		0.599431
310		0.601337
311		0.60316
312		0.60421
313		0.608243
314		0.608989
315		0.611862
316		0.612027
317		0.61374
318		0.615784
319		0.616861
320		0.622358
321		0.622662
322		0.625204
323		0.627773
324		0.627938
325		0.630093
326		0.630314
327		0.634375
328		0.636281
329		0.638739
330		0.639015
331		0.64385
332		0.645286
333		0.645618
334		0.648269
335		0.650645
336		0.652302
337		0.654623
338		0.65512
339		0.658241
340		0.662081
341		0.665893
342		0.666501
343		0.669926
344		0.6736
345		0.675948
346		0.676363
347		0.681777
348		0.682495
349		0.683268
350		0.687274
351		0.689677
352		0.689926
353		0.690975
354		0.691058
355		0.695119
356		0.700699
357		0.700865
358		0.703544
359		0.704262
360		0.707605
361		0.711527
362		0.71266
363		0.714124
364		0.716638
365		0.719151
366		0.720339
367		0.722881
368		0.724234
369		0.725671
370		0.726941
371		0.730532
372		0.732549
373		0.734924
374		0.735118
375		0.736416
376		0.742328
377		0.742852
378		0.743101
379		0.746167
380		0.748626
381		0.750007
382		0.752383
383		0.754123
384		0.756333
385		0.756637
386		0.760614
387		0.761802
388		0.76346
389		0.767299
390		0.769067
391		0.769979
392		0.770172
393		0.77299
394		0.774785
395		0.778763
396		0.779039
397		0.781884
398		0.784619
399		0.785089
400		0.787603
401		0.788984
402		0.791525
403		0.79484
404		0.79774
405		0.798459
406		0.799232
407		0.801249
408		0.803044
409		0.80495
410		0.807492
411		0.810862
412		0.811994
413		0.814094
414		0.814425
415		0.818928
416		0.821524
417		0.822381
418		0.823872
419		0.826856
420		0.827546
421		0.829342
422		0.833099
423		0.835889
424		0.836137
425		0.836855
426		0.838181
427		0.84122
428		0.844397
429		0.846855
430		0.848098
431		0.84901
432		0.852104
433		0.855114
434		0.855446
435		0.857628
436		0.860308
437		0.864037
438		0.864258
439		0.865639
440		0.867241
441		0.870639
442		0.871109
443		0.875749
444		0.876026
445		0.881578
446		0.881633
447		0.88202
448		0.882904
449		0.887406
450		0.890804
451		0.891854
452		0.893566
453		0.894312
454		0.897627
455		0.898594
456		0.901522
457		0.901964
458		0.904395
459		0.908041
460		0.908207
461		0.910748
462		0.914118
463		0.915168
464		0.918179
465		0.919118
466		0.922074
467		0.923068
468		0.925803
469		0.926659
470		0.928179
471		0.930941
472		0.933455
473		0.935665
474		0.935996
475		0.939339
476		0.940002
477		0.941521
478		0.942764
479		0.948952
480		0.949504
481		0.950747
482		0.952349
483		0.955968
484		0.956382
485		0.958371
486		0.959973
487		0.960857
488		0.966852
489		0.96757
490		0.967736
491		0.969117
492		0.971631
493		0.973343
494		0.977818
495		0.978564
496		0.979835
497		0.98257
498		0.983702
499		0.984779
500		0.988619
501		0.991685
502		0.992763
503		0.993343
504		0.99489
505		0.998343
506		0.999392
507		0.999945
508		0.999972
509		1
510		1
511		1
512		1
513		1
514		1
515		1
516		1
517		1
518		1
519		1
520		1
521		1
522		1
523		1
524		1
525		1
526		1
527		1
528		1
529		1
530		1
531		1
532		1
533		1
534		1
535		1
536		1
537		1
538		1
539		1
540		1
541		1
542		1
543		1
544		1
545		1
546		1
547		1
548		1
549		1
550		1
551		1
552		1
553		1
554		1
555		1
556		1
557		1
558		1
559		1
560		1
561		1
562		1
563		1
564		1
565		1
566		1
567		1
568		1
569		1
570		1
571		1
572		1
573		1
574		1
575		1
576		1
577		1
578		1
579		1
580		1
581		1
582		1
583		1
584		1
585		1
586		1
587		1
588		1
589		1
590		1
591		1
592		1
593		1
594		1
595		1
596		1
597		1
598		1
599		1
600		1
