# Calibration file of tamex_id 2 @ channel 42
# fine_T bin		 Calibration value
1		0
2		0
3		0
4		0
5		0
6		0
7		0
8		0
9		0
10		0
11		0
12		0
13		0
14		0
15		0
16		0
17		0.00139267
18		0.00959392
19		0.0103319
20		0.0104331
21		0.0173131
22		0.0182475
23		0.0182475
24		0.0182475
25		0.0199437
26		0.0274189
27		0.0279069
28		0.0281271
29		0.0286687
30		0.0302875
31		0.0355666
32		0.0371318
33		0.0383519
34		0.0386138
35		0.0412622
36		0.0437976
37		0.0456247
38		0.0489933
39		0.0515108
40		0.0522548
41		0.0530939
42		0.0544152
43		0.0589205
44		0.0612357
45		0.0622712
46		0.0630568
47		0.0631937
48		0.065741
49		0.070657
50		0.0730376
51		0.0756027
52		0.0766324
53		0.0773108
54		0.0775965
55		0.0815781
56		0.0840778
57		0.0864644
58		0.0873333
59		0.0902317
60		0.0917851
61		0.0926956
62		0.0959928
63		0.0966296
64		0.0978854
65		0.0998732
66		0.104587
67		0.105283
68		0.107039
69		0.110449
70		0.11258
71		0.113699
72		0.115157
73		0.117282
74		0.118293
75		0.122739
76		0.123221
77		0.127613
78		0.128215
79		0.128631
80		0.128929
81		0.135452
82		0.136475
83		0.139505
84		0.139796
85		0.141385
86		0.144891
87		0.145587
88		0.146831
89		0.149956
90		0.152277
91		0.153015
92		0.155538
93		0.157086
94		0.160942
95		0.162037
96		0.162817
97		0.163543
98		0.167709
99		0.169798
100		0.17131
101		0.172274
102		0.173619
103		0.176672
104		0.180166
105		0.180499
106		0.183868
107		0.184993
108		0.186225
109		0.187153
110		0.189813
111		0.194902
112		0.195438
113		0.196675
114		0.200133
115		0.20252
116		0.203686
117		0.205674
118		0.207835
119		0.208977
120		0.213655
121		0.213941
122		0.214298
123		0.216863
124		0.21925
125		0.222101
126		0.225064
127		0.22629
128		0.226707
129		0.229814
130		0.231016
131		0.233861
132		0.236605
133		0.239527
134		0.240175
135		0.24164
136		0.243449
137		0.247555
138		0.248954
139		0.249656
140		0.251638
141		0.253453
142		0.257137
143		0.259197
144		0.259578
145		0.263196
146		0.263357
147		0.265065
148		0.266856
149		0.270963
150		0.273409
151		0.275296
152		0.278182
153		0.278777
154		0.282122
155		0.283116
156		0.286306
157		0.286616
158		0.287907
159		0.291442
160		0.293121
161		0.293317
162		0.297084
163		0.299715
164		0.300536
165		0.30131
166		0.30475
167		0.30772
168		0.308523
169		0.309749
170		0.31304
171		0.31504
172		0.317034
173		0.318439
174		0.319337
175		0.322218
176		0.325699
177		0.326092
178		0.327134
179		0.3308
180		0.330925
181		0.333532
182		0.337817
183		0.338614
184		0.341429
185		0.343507
186		0.344227
187		0.344489
188		0.347566
189		0.351511
190		0.353547
191		0.353737
192		0.35419
193		0.360808
194		0.361474
195		0.361808
196		0.362855
197		0.369074
198		0.369533
199		0.369842
200		0.370092
201		0.375324
202		0.378103
203		0.378323
204		0.378817
205		0.382543
206		0.38459
207		0.385156
208		0.388131
209		0.388846
210		0.390679
211		0.394666
212		0.394833
213		0.397118
214		0.399362
215		0.402493
216		0.404492
217		0.4057
218		0.408486
219		0.410319
220		0.412039
221		0.414289
222		0.415443
223		0.4193
224		0.420829
225		0.420954
226		0.423281
227		0.428685
228		0.428852
229		0.429888
230		0.431548
231		0.435065
232		0.436976
233		0.438029
234		0.440934
235		0.441499
236		0.442761
237		0.445266
238		0.44679
239		0.449212
240		0.451664
241		0.454229
242		0.455723
243		0.457277
244		0.46036
245		0.463383
246		0.464026
247		0.465341
248		0.466954
249		0.468727
250		0.471983
251		0.474322
252		0.476155
253		0.477839
254		0.478976
255		0.480214
256		0.482845
257		0.485773
258		0.487207
259		0.488856
260		0.490064
261		0.49373
262		0.494885
263		0.496396
264		0.499247
265		0.499735
266		0.503312
267		0.508228
268		0.50868
269		0.509246
270		0.510067
271		0.514531
272		0.515543
273		0.518375
274		0.518679
275		0.522917
276		0.523416
277		0.525535
278		0.526874
279		0.530642
280		0.53326
281		0.53385
282		0.534284
283		0.539384
284		0.540587
285		0.543979
286		0.546241
287		0.549425
288		0.549895
289		0.551597
290		0.557894
291		0.559013
292		0.559412
293		0.559721
294		0.560233
295		0.568184
296		0.569172
297		0.570856
298		0.575713
299		0.578183
300		0.578409
301		0.58467
302		0.585866
303		0.587723
304		0.589193
305		0.592788
306		0.593169
307		0.596561
308		0.597329
309		0.601334
310		0.602191
311		0.602501
312		0.602721
313		0.60997
314		0.612119
315		0.612892
316		0.612993
317		0.617177
318		0.619635
319		0.620082
320		0.622439
321		0.623022
322		0.626843
323		0.627497
324		0.627628
325		0.63289
326		0.634306
327		0.634919
328		0.639639
329		0.640359
330		0.641073
331		0.646102
332		0.647126
333		0.649066
334		0.649697
335		0.653643
336		0.65441
337		0.655845
338		0.659243
339		0.663118
340		0.663856
341		0.664106
342		0.669956
343		0.673289
344		0.675146
345		0.67583
346		0.677639
347		0.679883
348		0.684674
349		0.68562
350		0.686311
351		0.687293
352		0.688019
353		0.690596
354		0.693953
355		0.697583
356		0.699946
357		0.701571
358		0.705796
359		0.707165
360		0.709415
361		0.714212
362		0.714486
363		0.716069
364		0.717729
365		0.722151
366		0.722496
367		0.724294
368		0.72527
369		0.728912
370		0.731971
371		0.732602
372		0.732918
373		0.736881
374		0.739167
375		0.741184
376		0.741446
377		0.744725
378		0.7466
379		0.748469
380		0.750433
381		0.751094
382		0.75423
383		0.754873
384		0.757474
385		0.761372
386		0.762741
387		0.764848
388		0.765984
389		0.766776
390		0.769121
391		0.770121
392		0.772085
393		0.774971
394		0.77734
395		0.77784
396		0.781875
397		0.784845
398		0.785488
399		0.786494
400		0.78866
401		0.791612
402		0.793153
403		0.795343
404		0.796403
405		0.800843
406		0.80117
407		0.80167
408		0.802848
409		0.80727
410		0.80755
411		0.812192
412		0.812788
413		0.815382
414		0.8169
415		0.816995
416		0.81987
417		0.824744
418		0.825857
419		0.826845
420		0.827119
421		0.830047
422		0.833195
423		0.834915
424		0.83532
425		0.83729
426		0.840802
427		0.842968
428		0.845128
429		0.84617
430		0.846944
431		0.850711
432		0.852175
433		0.852526
434		0.856591
435		0.860263
436		0.860537
437		0.861013
438		0.861436
439		0.867851
440		0.868101
441		0.869696
442		0.870726
443		0.875011
444		0.877053
445		0.877719
446		0.878165
447		0.884171
448		0.884492
449		0.886408
450		0.887015
451		0.888456
452		0.890688
453		0.893741
454		0.896966
455		0.899294
456		0.900781
457		0.901269
458		0.903091
459		0.90537
460		0.907489
461		0.908762
462		0.911863
463		0.91344
464		0.914643
465		0.916738
466		0.919713
467		0.920065
468		0.924552
469		0.92554
470		0.926796
471		0.928557
472		0.930385
473		0.934051
474		0.934301
475		0.936675
476		0.940472
477		0.941401
478		0.942823
479		0.94427
480		0.944478
481		0.948995
482		0.950584
483		0.951661
484		0.952459
485		0.957345
486		0.959898
487		0.960547
488		0.961481
489		0.963243
490		0.968719
491		0.968992
492		0.970689
493		0.971557
494		0.973557
495		0.975682
496		0.978027
497		0.978253
498		0.982252
499		0.986829
500		0.987478
501		0.987603
502		0.991227
503		0.993257
504		0.995483
505		0.99675
506		0.997381
507		0.999708
508		0.999982
509		1
510		1
511		1
512		1
513		1
514		1
515		1
516		1
517		1
518		1
519		1
520		1
521		1
522		1
523		1
524		1
525		1
526		1
527		1
528		1
529		1
530		1
531		1
532		1
533		1
534		1
535		1
536		1
537		1
538		1
539		1
540		1
541		1
542		1
543		1
544		1
545		1
546		1
547		1
548		1
549		1
550		1
551		1
552		1
553		1
554		1
555		1
556		1
557		1
558		1
559		1
560		1
561		1
562		1
563		1
564		1
565		1
566		1
567		1
568		1
569		1
570		1
571		1
572		1
573		1
574		1
575		1
576		1
577		1
578		1
579		1
580		1
581		1
582		1
583		1
584		1
585		1
586		1
587		1
588		1
589		1
590		1
591		1
592		1
593		1
594		1
595		1
596		1
597		1
598		1
599		1
600		1
