# Calibration file of tamex_id 4 @ channel 38
# fine_T bin		 Calibration value
1		0
2		0
3		0
4		0
5		0
6		0
7		0
8		0
9		0
10		0
11		0
12		0
13		0
14		0
15		0
16		0
17		0.00445548
18		0.00803683
19		0.00899974
20		0.0107768
21		0.0178395
22		0.0181498
23		0.0189944
24		0.0205411
25		0.0239825
26		0.025203
27		0.0286827
28		0.0298096
29		0.0311348
30		0.0348921
31		0.0349945
32		0.0354599
33		0.0392196
34		0.0423187
35		0.0426458
36		0.0451371
37		0.0467622
38		0.0489967
39		0.0497493
40		0.0547158
41		0.0557811
42		0.0567377
43		0.0575302
44		0.0591681
45		0.0625687
46		0.0657462
47		0.0666987
48		0.0699442
49		0.0714413
50		0.0727673
51		0.0740118
52		0.0775083
53		0.0782313
54		0.0809529
55		0.0833306
56		0.0845406
57		0.0850109
58		0.0868064
59		0.0915634
60		0.0918185
61		0.0934332
62		0.0950567
63		0.0998297
64		0.100311
65		0.102127
66		0.103356
67		0.107595
68		0.107861
69		0.10991
70		0.11062
71		0.115649
72		0.117698
73		0.117876
74		0.120856
75		0.122154
76		0.127015
77		0.127425
78		0.130193
79		0.130354
80		0.13261
81		0.133656
82		0.138013
83		0.140381
84		0.141475
85		0.142467
86		0.143734
87		0.147027
88		0.149762
89		0.151478
90		0.153664
91		0.154214
92		0.154571
93		0.159638
94		0.161107
95		0.162842
96		0.164765
97		0.167488
98		0.171202
99		0.171489
100		0.171824
101		0.175881
102		0.176062
103		0.177995
104		0.181318
105		0.184839
106		0.185721
107		0.186085
108		0.187949
109		0.188572
110		0.196122
111		0.196538
112		0.197253
113		0.198078
114		0.200054
115		0.203446
116		0.206905
117		0.208449
118		0.209673
119		0.213206
120		0.213864
121		0.216241
122		0.217285
123		0.222207
124		0.22286
125		0.223448
126		0.223849
127		0.23015
128		0.230411
129		0.232952
130		0.233322
131		0.236668
132		0.237376
133		0.239019
134		0.239688
135		0.245083
136		0.247097
137		0.24782
138		0.250049
139		0.254584
140		0.254765
141		0.255304
142		0.258697
143		0.260198
144		0.264561
145		0.265326
146		0.26636
147		0.269022
148		0.269339
149		0.275026
150		0.275521
151		0.276102
152		0.278483
153		0.281163
154		0.28397
155		0.286283
156		0.286787
157		0.290027
158		0.291935
159		0.292509
160		0.293009
161		0.297389
162		0.300151
163		0.302227
164		0.302604
165		0.306394
166		0.307414
167		0.309692
168		0.311117
169		0.312505
170		0.316094
171		0.317981
172		0.320097
173		0.321805
174		0.322288
175		0.327658
176		0.328956
177		0.329337
178		0.333768
179		0.334336
180		0.337418
181		0.338528
182		0.340206
183		0.343666
184		0.345392
185		0.345601
186		0.347689
187		0.351073
188		0.353376
189		0.353523
190		0.355785
191		0.359049
192		0.360774
193		0.36226
194		0.363893
195		0.369469
196		0.371134
197		0.371361
198		0.374151
199		0.375043
200		0.377976
201		0.378224
202		0.383009
203		0.383457
204		0.384066
205		0.38898
206		0.389425
207		0.390733
208		0.392466
209		0.394376
210		0.395101
211		0.398424
212		0.401261
213		0.404446
214		0.405379
215		0.405971
216		0.406701
217		0.413425
218		0.413704
219		0.416147
220		0.41711
221		0.419853
222		0.423078
223		0.423328
224		0.424262
225		0.428672
226		0.430525
227		0.432231
228		0.432632
229		0.436102
230		0.439156
231		0.439889
232		0.442469
233		0.444575
234		0.44706
235		0.447557
236		0.448754
237		0.450102
238		0.453635
239		0.458377
240		0.458574
241		0.458793
242		0.460798
243		0.465757
244		0.466557
245		0.468704
246		0.469641
247		0.473847
248		0.474753
249		0.475069
250		0.476422
251		0.478631
252		0.484139
253		0.484825
254		0.485456
255		0.487576
256		0.489102
257		0.491375
258		0.494294
259		0.495238
260		0.497487
261		0.500342
262		0.501661
263		0.504082
264		0.504239
265		0.510299
266		0.512517
267		0.512776
268		0.515265
269		0.518929
270		0.519251
271		0.521216
272		0.521956
273		0.526544
274		0.526955
275		0.528292
276		0.528983
277		0.532208
278		0.535771
279		0.536784
280		0.53921
281		0.542641
282		0.543701
283		0.545676
284		0.546992
285		0.550857
286		0.55245
287		0.556429
288		0.559494
289		0.560983
290		0.562216
291		0.563167
292		0.569613
293		0.570516
294		0.570519
295		0.571287
296		0.571749
297		0.579765
298		0.580231
299		0.581843
300		0.58616
301		0.589829
302		0.591118
303		0.595312
304		0.597436
305		0.597923
306		0.602045
307		0.602542
308		0.606015
309		0.606966
310		0.607225
311		0.612019
312		0.612929
313		0.613868
314		0.617339
315		0.621575
316		0.622338
317		0.624205
318		0.626196
319		0.629123
320		0.629384
321		0.631639
322		0.632073
323		0.636752
324		0.638292
325		0.640363
326		0.641337
327		0.64439
328		0.645721
329		0.6461
330		0.649857
331		0.651651
332		0.653792
333		0.656702
334		0.656809
335		0.658358
336		0.662443
337		0.666878
338		0.667705
339		0.668285
340		0.675033
341		0.675798
342		0.678372
343		0.679207
344		0.679919
345		0.685586
346		0.687262
347		0.688865
348		0.688865
349		0.68922
350		0.689792
351		0.695491
352		0.697166
353		0.700761
354		0.701754
355		0.704324
356		0.709513
357		0.710649
358		0.712083
359		0.71757
360		0.718288
361		0.7197
362		0.720099
363		0.724145
364		0.726102
365		0.727316
366		0.728151
367		0.732001
368		0.733851
369		0.736799
370		0.738171
371		0.740337
372		0.741465
373		0.745406
374		0.748455
375		0.748825
376		0.752803
377		0.752922
378		0.754707
379		0.755251
380		0.756529
381		0.761694
382		0.76301
383		0.763465
384		0.765741
385		0.768185
386		0.77153
387		0.772551
388		0.773647
389		0.775354
390		0.778948
391		0.78117
392		0.782125
393		0.782699
394		0.785318
395		0.788002
396		0.78986
397		0.791458
398		0.791735
399		0.796196
400		0.797848
401		0.798987
402		0.799242
403		0.804249
404		0.80519
405		0.806635
406		0.806933
407		0.811731
408		0.812898
409		0.814204
410		0.815036
411		0.81876
412		0.821231
413		0.821717
414		0.824307
415		0.827289
416		0.828093
417		0.829789
418		0.829923
419		0.83664
420		0.837238
421		0.83834
422		0.839487
423		0.840086
424		0.847716
425		0.847935
426		0.848081
427		0.851034
428		0.852111
429		0.856092
430		0.856459
431		0.858991
432		0.860496
433		0.862913
434		0.864298
435		0.866488
436		0.867921
437		0.868931
438		0.871943
439		0.872302
440		0.874308
441		0.878708
442		0.879192
443		0.882067
444		0.883032
445		0.885234
446		0.887229
447		0.890963
448		0.89299
449		0.894234
450		0.896103
451		0.897121
452		0.901216
453		0.901538
454		0.903463
455		0.907152
456		0.907391
457		0.908037
458		0.910981
459		0.913608
460		0.915923
461		0.91787
462		0.918235
463		0.922309
464		0.924437
465		0.924833
466		0.926546
467		0.931168
468		0.93268
469		0.932962
470		0.934343
471		0.940178
472		0.940498
473		0.941374
474		0.941753
475		0.946374
476		0.948634
477		0.949024
478		0.952436
479		0.954129
480		0.957446
481		0.957859
482		0.95902
483		0.962807
484		0.963957
485		0.965972
486		0.967276
487		0.969363
488		0.973253
489		0.974356
490		0.976057
491		0.978525
492		0.979336
493		0.983767
494		0.984135
495		0.984409
496		0.984645
497		0.993293
498		0.993579
499		0.993821
500		0.994231
501		0.996887
502		0.998503
503		0.999993
504		1
505		1
506		1
507		1
508		1
509		1
510		1
511		1
512		1
513		1
514		1
515		1
516		1
517		1
518		1
519		1
520		1
521		1
522		1
523		1
524		1
525		1
526		1
527		1
528		1
529		1
530		1
531		1
532		1
533		1
534		1
535		1
536		1
537		1
538		1
539		1
540		1
541		1
542		1
543		1
544		1
545		1
546		1
547		1
548		1
549		1
550		1
551		1
552		1
553		1
554		1
555		1
556		1
557		1
558		1
559		1
560		1
561		1
562		1
563		1
564		1
565		1
566		1
567		1
568		1
569		1
570		1
571		1
572		1
573		1
574		1
575		1
576		1
577		1
578		1
579		1
580		1
581		1
582		1
583		1
584		1
585		1
586		1
587		1
588		1
589		1
590		1
591		1
592		1
593		1
594		1
595		1
596		1
597		1
598		1
599		1
600		1
