# Calibration file of tamex_id 4 @ channel 18
# fine_T bin		 Calibration value
1		0
2		0
3		0
4		0
5		0
6		0
7		0
8		0
9		0
10		0
11		0
12		0
13		0
14		0
15		0
16		0
17		0.00874603
18		0.00892658
19		0.0124687
20		0.0128549
21		0.0174618
22		0.0176357
23		0.0192866
24		0.0236718
25		0.0265253
26		0.0266916
27		0.0299506
28		0.0306359
29		0.0349178
30		0.0367812
31		0.0369995
32		0.0417391
33		0.0425343
34		0.0442936
35		0.0453635
36		0.0468423
37		0.0490181
38		0.0514517
39		0.0537375
40		0.0544966
41		0.0573467
42		0.0577851
43		0.062172
44		0.0623995
45		0.065903
46		0.0670526
47		0.0678092
48		0.070347
49		0.0749841
50		0.0772245
51		0.0780719
52		0.0814384
53		0.0819524
54		0.0858068
55		0.0861301
56		0.0871303
57		0.0890785
58		0.0922931
59		0.0950366
60		0.0956429
61		0.0971964
62		0.0988339
63		0.103422
64		0.103689
65		0.107418
66		0.107645
67		0.108217
68		0.110809
69		0.113944
70		0.114432
71		0.119135
72		0.119598
73		0.122067
74		0.122397
75		0.128428
76		0.129085
77		0.130635
78		0.133106
79		0.133708
80		0.136095
81		0.136901
82		0.139419
83		0.143921
84		0.145371
85		0.147072
86		0.147189
87		0.149708
88		0.153619
89		0.154221
90		0.155187
91		0.159778
92		0.159919
93		0.161241
94		0.166728
95		0.166917
96		0.168234
97		0.171957
98		0.172139
99		0.174376
100		0.175507
101		0.175733
102		0.183043
103		0.183246
104		0.184566
105		0.18561
106		0.188019
107		0.190396
108		0.192833
109		0.195135
110		0.197614
111		0.20011
112		0.201234
113		0.201474
114		0.204415
115		0.207228
116		0.20908
117		0.211295
118		0.212966
119		0.215075
120		0.216682
121		0.219129
122		0.222787
123		0.225048
124		0.227142
125		0.227451
126		0.229527
127		0.234227
128		0.234456
129		0.236287
130		0.237659
131		0.239379
132		0.241294
133		0.245147
134		0.246846
135		0.249211
136		0.249524
137		0.251917
138		0.253671
139		0.256444
140		0.258937
141		0.25931
142		0.263435
143		0.26362
144		0.267072
145		0.268163
146		0.268952
147		0.271069
148		0.274232
149		0.277798
150		0.279644
151		0.28064
152		0.281437
153		0.28259
154		0.285787
155		0.290597
156		0.291912
157		0.292431
158		0.294354
159		0.294722
160		0.297847
161		0.301795
162		0.30312
163		0.304992
164		0.306735
165		0.309761
166		0.312015
167		0.312616
168		0.315175
169		0.317232
170		0.319198
171		0.321997
172		0.32393
173		0.3251
174		0.326097
175		0.329732
176		0.331708
177		0.332145
178		0.336222
179		0.33747
180		0.339651
181		0.340625
182		0.342376
183		0.346412
184		0.346657
185		0.349521
186		0.349947
187		0.355191
188		0.357521
189		0.357842
190		0.358622
191		0.359004
192		0.362035
193		0.365817
194		0.36738
195		0.368737
196		0.371622
197		0.371874
198		0.372511
199		0.378526
200		0.380788
201		0.380788
202		0.383328
203		0.38365
204		0.388912
205		0.39197
206		0.392186
207		0.394942
208		0.395823
209		0.399022
210		0.402575
211		0.402799
212		0.405267
213		0.40674
214		0.410122
215		0.411116
216		0.411362
217		0.415926
218		0.418304
219		0.418826
220		0.423113
221		0.4245
222		0.427067
223		0.427969
224		0.4304
225		0.431215
226		0.434256
227		0.436399
228		0.437045
229		0.439308
230		0.442324
231		0.444809
232		0.445054
233		0.447385
234		0.449899
235		0.450327
236		0.451914
237		0.454207
238		0.456607
239		0.460974
240		0.461643
241		0.461887
242		0.465289
243		0.469819
244		0.470311
245		0.472001
246		0.474091
247		0.475231
248		0.475555
249		0.478438
250		0.481767
251		0.485104
252		0.486619
253		0.487101
254		0.491253
255		0.491944
256		0.497124
257		0.497814
258		0.498515
259		0.501056
260		0.501908
261		0.505809
262		0.508854
263		0.509802
264		0.510017
265		0.515253
266		0.516759
267		0.51877
268		0.519932
269		0.521067
270		0.522817
271		0.52628
272		0.529738
273		0.530205
274		0.531346
275		0.533012
276		0.534023
277		0.534381
278		0.541109
279		0.541895
280		0.542259
281		0.544048
282		0.544729
283		0.547921
284		0.553737
285		0.555708
286		0.556122
287		0.55954
288		0.564017
289		0.566047
290		0.566661
291		0.569922
292		0.570727
293		0.570727
294		0.573136
295		0.573141
296		0.573981
297		0.578848
298		0.579303
299		0.581745
300		0.583014
301		0.583962
302		0.584244
303		0.587143
304		0.589592
305		0.593083
306		0.59449
307		0.595736
308		0.596099
309		0.601036
310		0.602866
311		0.606215
312		0.6065
313		0.608168
314		0.60949
315		0.611096
316		0.611898
317		0.61783
318		0.618571
319		0.621074
320		0.622103
321		0.623677
322		0.628207
323		0.628539
324		0.630814
325		0.633564
326		0.635164
327		0.636286
328		0.639142
329		0.639916
330		0.641989
331		0.643979
332		0.64569
333		0.647305
334		0.649372
335		0.650582
336		0.651212
337		0.655254
338		0.658732
339		0.660423
340		0.661857
341		0.662319
342		0.662586
343		0.66538
344		0.672426
345		0.674946
346		0.676119
347		0.677022
348		0.683657
349		0.685015
350		0.686143
351		0.686711
352		0.689044
353		0.694332
354		0.694333
355		0.695148
356		0.697037
357		0.697539
358		0.697566
359		0.699328
360		0.703257
361		0.703257
362		0.707155
363		0.70749
364		0.708134
365		0.711195
366		0.713459
367		0.714311
368		0.718442
369		0.721417
370		0.721796
371		0.723995
372		0.724414
373		0.727805
374		0.73011
375		0.732563
376		0.734192
377		0.735413
378		0.738126
379		0.74006
380		0.740536
381		0.7411
382		0.745362
383		0.748601
384		0.749303
385		0.753797
386		0.754186
387		0.754876
388		0.75794
389		0.759697
390		0.763026
391		0.763625
392		0.765705
393		0.768026
394		0.768866
395		0.774127
396		0.774424
397		0.774635
398		0.777052
399		0.781722
400		0.782035
401		0.785083
402		0.785729
403		0.787086
404		0.788106
405		0.791337
406		0.79404
407		0.797169
408		0.798549
409		0.799963
410		0.803385
411		0.804301
412		0.807393
413		0.808319
414		0.809814
415		0.813261
416		0.813583
417		0.81674
418		0.818789
419		0.820451
420		0.822195
421		0.827448
422		0.828218
423		0.828429
424		0.829554
425		0.830724
426		0.831948
427		0.836855
428		0.838185
429		0.841718
430		0.84219
431		0.843715
432		0.845267
433		0.848461
434		0.85247
435		0.852682
436		0.854095
437		0.854368
438		0.858764
439		0.859094
440		0.862927
441		0.864543
442		0.865203
443		0.868315
444		0.870753
445		0.872568
446		0.875095
447		0.877968
448		0.878479
449		0.878872
450		0.880952
451		0.884289
452		0.887165
453		0.88772
454		0.888152
455		0.890758
456		0.89179
457		0.894819
458		0.897207
459		0.897961
460		0.901012
461		0.902778
462		0.904841
463		0.909738
464		0.910074
465		0.91255
466		0.914144
467		0.91449
468		0.919212
469		0.919924
470		0.91993
471		0.922365
472		0.926952
473		0.930375
474		0.93107
475		0.931402
476		0.932351
477		0.937257
478		0.937689
479		0.940822
480		0.94178
481		0.944745
482		0.945124
483		0.948348
484		0.948747
485		0.954395
486		0.954815
487		0.955944
488		0.956183
489		0.959639
490		0.962998
491		0.963418
492		0.966348
493		0.966806
494		0.96952
495		0.970673
496		0.974579
497		0.976097
498		0.976824
499		0.980695
500		0.981051
501		0.98239
502		0.986355
503		0.989526
504		0.989812
505		0.990028
506		0.99196
507		0.993759
508		0.99811
509		0.999119
510		0.999305
511		0.999926
512		0.999988
513		1
514		1
515		1
516		1
517		1
518		1
519		1
520		1
521		1
522		1
523		1
524		1
525		1
526		1
527		1
528		1
529		1
530		1
531		1
532		1
533		1
534		1
535		1
536		1
537		1
538		1
539		1
540		1
541		1
542		1
543		1
544		1
545		1
546		1
547		1
548		1
549		1
550		1
551		1
552		1
553		1
554		1
555		1
556		1
557		1
558		1
559		1
560		1
561		1
562		1
563		1
564		1
565		1
566		1
567		1
568		1
569		1
570		1
571		1
572		1
573		1
574		1
575		1
576		1
577		1
578		1
579		1
580		1
581		1
582		1
583		1
584		1
585		1
586		1
587		1
588		1
589		1
590		1
591		1
592		1
593		1
594		1
595		1
596		1
597		1
598		1
599		1
600		1
