# Calibration file of tamex_id 5 @ channel 9
# fine_T bin		 Calibration value
1		0
2		0
3		0
4		0
5		0
6		0
7		0
8		0
9		0
10		0
11		0
12		0
13		0
14		0
15		0
16		0
17		0.000169259
18		0.00695061
19		0.00805011
20		0.00952321
21		0.015311
22		0.0159901
23		0.018485
24		0.0187217
25		0.019795
26		0.02457
27		0.0251817
28		0.0272334
29		0.0294916
30		0.0310459
31		0.0342838
32		0.034568
33		0.0362551
34		0.0367064
35		0.0424984
36		0.0446746
37		0.0454494
38		0.0463562
39		0.0505368
40		0.0507535
41		0.0528851
42		0.0536116
43		0.0577949
44		0.0602519
45		0.0619246
46		0.0626078
47		0.0654384
48		0.0683351
49		0.0684864
50		0.0726539
51		0.0734452
52		0.0745171
53		0.0763329
54		0.0772879
55		0.0805334
56		0.0846355
57		0.0849169
58		0.0856311
59		0.0887108
60		0.0907405
61		0.0937886
62		0.0946699
63		0.0962063
64		0.0990693
65		0.102531
66		0.104861
67		0.105307
68		0.105544
69		0.109856
70		0.11138
71		0.113261
72		0.114056
73		0.118401
74		0.120873
75		0.121091
76		0.121321
77		0.125628
78		0.127528
79		0.128582
80		0.133365
81		0.134907
82		0.135854
83		0.136639
84		0.140293
85		0.140984
86		0.144958
87		0.145462
88		0.145884
89		0.14953
90		0.150393
91		0.15378
92		0.15574
93		0.158356
94		0.159065
95		0.163424
96		0.163577
97		0.163736
98		0.167519
99		0.172148
100		0.172391
101		0.174402
102		0.175447
103		0.180706
104		0.180997
105		0.182326
106		0.183555
107		0.18655
108		0.18915
109		0.189391
110		0.191191
111		0.194711
112		0.19538
113		0.199196
114		0.199303
115		0.203772
116		0.205737
117		0.206087
118		0.2074
119		0.210644
120		0.213814
121		0.21617
122		0.216873
123		0.218027
124		0.218893
125		0.224844
126		0.226112
127		0.227173
128		0.227455
129		0.232435
130		0.23281
131		0.236008
132		0.238141
133		0.241734
134		0.242295
135		0.242943
136		0.243473
137		0.249315
138		0.250596
139		0.252718
140		0.253621
141		0.255337
142		0.258292
143		0.259808
144		0.262879
145		0.263862
146		0.267111
147		0.267551
148		0.268843
149		0.271972
150		0.27622
151		0.276667
152		0.277744
153		0.279359
154		0.281981
155		0.282191
156		0.287718
157		0.288736
158		0.290172
159		0.291799
160		0.292553
161		0.293973
162		0.297999
163		0.29967
164		0.303414
165		0.303636
166		0.303854
167		0.30786
168		0.309527
169		0.309716
170		0.313135
171		0.318341
172		0.320559
173		0.320778
174		0.321434
175		0.32227
176		0.328578
177		0.329975
178		0.330985
179		0.332534
180		0.333923
181		0.337568
182		0.338166
183		0.340426
184		0.341715
185		0.346455
186		0.346882
187		0.349013
188		0.349435
189		0.356192
190		0.356786
191		0.357611
192		0.358166
193		0.362575
194		0.363928
195		0.367284
196		0.367913
197		0.3714
198		0.373559
199		0.37378
200		0.374781
201		0.379962
202		0.3805
203		0.380762
204		0.385445
205		0.386355
206		0.388579
207		0.390244
208		0.391652
209		0.39401
210		0.39689
211		0.39878
212		0.399227
213		0.399962
214		0.402507
215		0.410096
216		0.410441
217		0.410857
218		0.411101
219		0.416618
220		0.41878
221		0.420702
222		0.421629
223		0.424195
224		0.424428
225		0.425851
226		0.426254
227		0.43325
228		0.434684
229		0.43519
230		0.435988
231		0.439267
232		0.442421
233		0.44273
234		0.446063
235		0.447873
236		0.449665
237		0.45202
238		0.455298
239		0.45789
240		0.458026
241		0.4621
242		0.463675
243		0.463893
244		0.46678
245		0.46898
246		0.46995
247		0.471212
248		0.472018
249		0.479281
250		0.480397
251		0.480692
252		0.481709
253		0.485724
254		0.488388
255		0.48899
256		0.489226
257		0.494089
258		0.495516
259		0.496288
260		0.497689
261		0.501429
262		0.502414
263		0.504137
264		0.504497
265		0.509293
266		0.513474
267		0.513755
268		0.514242
269		0.518265
270		0.520796
271		0.524603
272		0.524829
273		0.525503
274		0.528114
275		0.531205
276		0.533121
277		0.53528
278		0.536116
279		0.540367
280		0.543063
281		0.54393
282		0.544222
283		0.549051
284		0.5504
285		0.553589
286		0.557424
287		0.558842
288		0.559639
289		0.563419
290		0.567791
291		0.568628
292		0.569026
293		0.569912
294		0.572186
295		0.577235
296		0.578571
297		0.580689
298		0.583626
299		0.586403
300		0.591621
301		0.594711
302		0.595174
303		0.600275
304		0.600592
305		0.60257
306		0.604699
307		0.607488
308		0.608094
309		0.612377
310		0.613189
311		0.614824
312		0.616056
313		0.621297
314		0.621505
315		0.621742
316		0.624666
317		0.628207
318		0.630142
319		0.6315
320		0.631888
321		0.637018
322		0.638252
323		0.638847
324		0.639123
325		0.64326
326		0.64742
327		0.648537
328		0.64883
329		0.653126
330		0.653459
331		0.655335
332		0.659064
333		0.65933
334		0.662928
335		0.664366
336		0.664657
337		0.666796
338		0.669517
339		0.67359
340		0.674006
341		0.67561
342		0.679758
343		0.683565
344		0.685841
345		0.686664
346		0.689197
347		0.690189
348		0.693339
349		0.697535
350		0.697725
351		0.697827
352		0.698506
353		0.702097
354		0.702917
355		0.707206
356		0.708903
357		0.71325
358		0.717036
359		0.718582
360		0.722143
361		0.727103
362		0.727243
363		0.729587
364		0.733187
365		0.733638
366		0.734923
367		0.739013
368		0.739617
369		0.741693
370		0.742128
371		0.746735
372		0.747607
373		0.747717
374		0.751422
375		0.753852
376		0.75651
377		0.757669
378		0.759292
379		0.761902
380		0.762486
381		0.764494
382		0.764868
383		0.768799
384		0.77257
385		0.772847
386		0.773102
387		0.775591
388		0.778798
389		0.779772
390		0.783769
391		0.784636
392		0.784965
393		0.789995
394		0.790617
395		0.79276
396		0.794466
397		0.799334
398		0.801474
399		0.801586
400		0.802738
401		0.80571
402		0.806955
403		0.808521
404		0.809417
405		0.813893
406		0.815585
407		0.816961
408		0.817278
409		0.821151
410		0.822822
411		0.825374
412		0.8276
413		0.828086
414		0.83039
415		0.833285
416		0.833595
417		0.837789
418		0.839804
419		0.840179
420		0.840444
421		0.84489
422		0.84966
423		0.84991
424		0.852602
425		0.852896
426		0.854583
427		0.857517
428		0.858299
429		0.862215
430		0.862608
431		0.864943
432		0.865521
433		0.86827
434		0.869036
435		0.874341
436		0.87461
437		0.876288
438		0.876958
439		0.881218
440		0.882646
441		0.88407
442		0.886913
443		0.889202
444		0.893099
445		0.89327
446		0.893465
447		0.897084
448		0.898688
449		0.901489
450		0.903093
451		0.905568
452		0.907705
453		0.910915
454		0.911265
455		0.911948
456		0.915895
457		0.91766
458		0.918329
459		0.920664
460		0.922161
461		0.925653
462		0.927132
463		0.928024
464		0.929132
465		0.932261
466		0.934581
467		0.937573
468		0.939316
469		0.942646
470		0.94295
471		0.94352
472		0.943978
473		0.950319
474		0.951034
475		0.952866
476		0.954085
477		0.957747
478		0.960372
479		0.960887
480		0.963638
481		0.96443
482		0.966755
483		0.967503
484		0.970023
485		0.975656
486		0.976143
487		0.978284
488		0.978759
489		0.981446
490		0.983991
491		0.985444
492		0.987232
493		0.989019
494		0.991961
495		0.994249
496		0.996761
497		0.996879
498		0.997326
499		0.999982
500		1
501		1
502		1
503		1
504		1
505		1
506		1
507		1
508		1
509		1
510		1
511		1
512		1
513		1
514		1
515		1
516		1
517		1
518		1
519		1
520		1
521		1
522		1
523		1
524		1
525		1
526		1
527		1
528		1
529		1
530		1
531		1
532		1
533		1
534		1
535		1
536		1
537		1
538		1
539		1
540		1
541		1
542		1
543		1
544		1
545		1
546		1
547		1
548		1
549		1
550		1
551		1
552		1
553		1
554		1
555		1
556		1
557		1
558		1
559		1
560		1
561		1
562		1
563		1
564		1
565		1
566		1
567		1
568		1
569		1
570		1
571		1
572		1
573		1
574		1
575		1
576		1
577		1
578		1
579		1
580		1
581		1
582		1
583		1
584		1
585		1
586		1
587		1
588		1
589		1
590		1
591		1
592		1
593		1
594		1
595		1
596		1
597		1
598		1
599		1
600		1
