# Calibration file of tamex_id 2 @ channel 22
# fine_T bin		 Calibration value
1		0
2		0
3		0
4		0
5		0
6		0
7		0
8		0
9		0
10		0
11		0
12		0
13		0
14		0
15		0
16		0
17		0.00194348
18		0.00707782
19		0.00866769
20		0.00895726
21		0.0134596
22		0.0169873
23		0.0184909
24		0.0210135
25		0.0234192
26		0.0249172
27		0.0250536
28		0.0274927
29		0.0292468
30		0.033777
31		0.0351246
32		0.0352944
33		0.0355645
34		0.0370569
35		0.0417876
36		0.0448476
37		0.0451399
38		0.0461506
39		0.0486593
40		0.0494919
41		0.0550327
42		0.0552081
43		0.0563219
44		0.0566337
45		0.0608604
46		0.061523
47		0.0671864
48		0.0674843
49		0.0677349
50		0.0685006
51		0.0715578
52		0.0729194
53		0.0761938
54		0.0799137
55		0.0806822
56		0.0822943
57		0.0827398
58		0.0847696
59		0.0890018
60		0.0891549
61		0.0937129
62		0.093816
63		0.0940192
64		0.0985243
65		0.0996631
66		0.103099
67		0.103344
68		0.104107
69		0.10683
70		0.111511
71		0.113287
72		0.114504
73		0.117405
74		0.119474
75		0.11968
76		0.122812
77		0.123099
78		0.124344
79		0.128726
80		0.129503
81		0.132571
82		0.133969
83		0.134075
84		0.136478
85		0.142392
86		0.144071
87		0.144516
88		0.144973
89		0.149344
90		0.150917
91		0.152936
92		0.154167
93		0.15439
94		0.158418
95		0.161117
96		0.161359
97		0.161854
98		0.164046
99		0.168579
100		0.169968
101		0.170196
102		0.170464
103		0.176639
104		0.177533
105		0.179176
106		0.180888
107		0.182161
108		0.182787
109		0.187766
110		0.187941
111		0.191151
112		0.191992
113		0.194378
114		0.195503
115		0.200315
116		0.200448
117		0.203004
118		0.206852
119		0.207039
120		0.210934
121		0.211474
122		0.212869
123		0.2153
124		0.217572
125		0.21868
126		0.221272
127		0.222848
128		0.223544
129		0.226128
130		0.228679
131		0.228885
132		0.233835
133		0.23415
134		0.235612
135		0.236263
136		0.237104
137		0.243233
138		0.244051
139		0.247114
140		0.247952
141		0.248581
142		0.252894
143		0.255874
144		0.257967
145		0.258157
146		0.259173
147		0.261448
148		0.264951
149		0.268398
150		0.269261
151		0.271622
152		0.271845
153		0.272349
154		0.277166
155		0.279273
156		0.280448
157		0.282216
158		0.282734
159		0.289158
160		0.289414
161		0.29148
162		0.292763
163		0.295759
164		0.298318
165		0.298438
166		0.301409
167		0.303441
168		0.305093
169		0.306376
170		0.310085
171		0.312772
172		0.313
173		0.314665
174		0.316252
175		0.320501
176		0.324324
177		0.324533
178		0.325145
179		0.325713
180		0.329458
181		0.329884
182		0.335161
183		0.335487
184		0.335648
185		0.338382
186		0.340142
187		0.341431
188		0.345808
189		0.347896
190		0.349277
191		0.351627
192		0.351875
193		0.357299
194		0.358405
195		0.359958
196		0.362904
197		0.362904
198		0.363497
199		0.367273
200		0.370191
201		0.370993
202		0.372552
203		0.373991
204		0.37922
205		0.382511
206		0.383759
207		0.384007
208		0.389634
209		0.389854
210		0.390781
211		0.393404
212		0.394142
213		0.395409
214		0.399713
215		0.402442
216		0.403325
217		0.404385
218		0.405379
219		0.411062
220		0.412162
221		0.41452
222		0.414999
223		0.417413
224		0.418828
225		0.421451
226		0.422846
227		0.426886
228		0.427921
229		0.428609
230		0.429094
231		0.432307
232		0.434849
233		0.437828
234		0.438469
235		0.439694
236		0.442464
237		0.442723
238		0.445853
239		0.449548
240		0.44982
241		0.453958
242		0.454484
243		0.455578
244		0.458349
245		0.460142
246		0.461448
247		0.465429
248		0.465733
249		0.468314
250		0.469066
251		0.471377
252		0.472647
253		0.477764
254		0.480181
255		0.481584
256		0.482016
257		0.483199
258		0.489322
259		0.489489
260		0.49224
261		0.494053
262		0.49415
263		0.494757
264		0.499797
265		0.500459
266		0.50277
267		0.503976
268		0.506724
269		0.506822
270		0.50788
271		0.513983
272		0.515807
273		0.516773
274		0.517973
275		0.5213
276		0.522587
277		0.526337
278		0.526989
279		0.528796
280		0.533
281		0.533231
282		0.534039
283		0.536706
284		0.5375
285		0.544307
286		0.545822
287		0.545978
288		0.547292
289		0.549096
290		0.555286
291		0.555292
292		0.555292
293		0.555292
294		0.557497
295		0.558611
296		0.562542
297		0.565006
298		0.565212
299		0.566822
300		0.567367
301		0.567632
302		0.572095
303		0.572365
304		0.575773
305		0.577753
306		0.578922
307		0.581314
308		0.58328
309		0.585967
310		0.588654
311		0.591956
312		0.593173
313		0.593384
314		0.596848
315		0.600064
316		0.601999
317		0.602253
318		0.604037
319		0.605814
320		0.608999
321		0.611513
322		0.612195
323		0.61244
324		0.616378
325		0.616687
326		0.6225
327		0.624268
328		0.624458
329		0.62465
330		0.625597
331		0.629667
332		0.63442
333		0.634434
334		0.63513
335		0.636592
336		0.638889
337		0.642601
338		0.644082
339		0.645808
340		0.648247
341		0.651252
342		0.6519
343		0.654156
344		0.657193
345		0.657544
346		0.661359
347		0.661918
348		0.666462
349		0.668651
350		0.673808
351		0.674345
352		0.675821
353		0.67946
354		0.681189
355		0.684018
356		0.684018
357		0.685527
358		0.685786
359		0.685894
360		0.69143
361		0.692875
362		0.693295
363		0.693304
364		0.696316
365		0.696946
366		0.699198
367		0.701818
368		0.703542
369		0.703798
370		0.70683
371		0.711488
372		0.711881
373		0.712123
374		0.713524
375		0.716311
376		0.717798
377		0.723469
378		0.723879
379		0.724591
380		0.728222
381		0.729489
382		0.729882
383		0.73513
384		0.736667
385		0.737876
386		0.739039
387		0.74122
388		0.744207
389		0.746226
390		0.746518
391		0.750319
392		0.751616
393		0.751864
394		0.755837
395		0.757424
396		0.758363
397		0.762016
398		0.763224
399		0.764355
400		0.768698
401		0.769152
402		0.7694
403		0.775331
404		0.775631
405		0.777887
406		0.780384
407		0.780532
408		0.784243
409		0.786772
410		0.787824
411		0.789815
412		0.791179
413		0.791182
414		0.795058
415		0.797113
416		0.799396
417		0.800766
418		0.801136
419		0.801746
420		0.806552
421		0.807231
422		0.812944
423		0.813404
424		0.813752
425		0.815704
426		0.818349
427		0.822008
428		0.824104
429		0.824784
430		0.827685
431		0.829948
432		0.830516
433		0.834103
434		0.835286
435		0.836525
436		0.841197
437		0.841877
438		0.84235
439		0.847014
440		0.84744
441		0.848208
442		0.851129
443		0.854969
444		0.856288
445		0.857934
446		0.86007
447		0.860763
448		0.862946
449		0.865649
450		0.866365
451		0.870358
452		0.872477
453		0.87466
454		0.875325
455		0.876798
456		0.880362
457		0.882046
458		0.884525
459		0.885276
460		0.88671
461		0.890803
462		0.892488
463		0.893084
464		0.89459
465		0.897046
466		0.90022
467		0.901657
468		0.903291
469		0.904825
470		0.905878
471		0.905992
472		0.910235
473		0.914111
474		0.914295
475		0.917628
476		0.91956
477		0.921852
478		0.924541
479		0.926582
480		0.929606
481		0.931207
482		0.931207
483		0.932997
484		0.936197
485		0.940117
486		0.942314
487		0.944252
488		0.944561
489		0.944831
490		0.950876
491		0.951847
492		0.95217
493		0.952986
494		0.955796
495		0.958257
496		0.960214
497		0.961729
498		0.962227
499		0.965825
500		0.968247
501		0.96962
502		0.971377
503		0.971797
504		0.975002
505		0.975651
506		0.981626
507		0.982837
508		0.983313
509		0.983595
510		0.986229
511		0.989467
512		0.9931
513		0.993855
514		0.994248
515		0.994465
516		0.997647
517		0.999396
518		1
519		1
520		1
521		1
522		1
523		1
524		1
525		1
526		1
527		1
528		1
529		1
530		1
531		1
532		1
533		1
534		1
535		1
536		1
537		1
538		1
539		1
540		1
541		1
542		1
543		1
544		1
545		1
546		1
547		1
548		1
549		1
550		1
551		1
552		1
553		1
554		1
555		1
556		1
557		1
558		1
559		1
560		1
561		1
562		1
563		1
564		1
565		1
566		1
567		1
568		1
569		1
570		1
571		1
572		1
573		1
574		1
575		1
576		1
577		1
578		1
579		1
580		1
581		1
582		1
583		1
584		1
585		1
586		1
587		1
588		1
589		1
590		1
591		1
592		1
593		1
594		1
595		1
596		1
597		1
598		1
599		1
600		1
