# Calibration file of tamex_id 4 @ channel 50
# fine_T bin		 Calibration value
1		0
2		0
3		0
4		0
5		0
6		0
7		0
8		0
9		0
10		0
11		0
12		0
13		0
14		0
15		0
16		0
17		0.00203552
18		0.00774878
19		0.00809239
20		0.0102416
21		0.016226
22		0.0184965
23		0.0188107
24		0.01946
25		0.0236127
26		0.0275869
27		0.0278362
28		0.0293655
29		0.0315552
30		0.0337928
31		0.0357685
32		0.0367177
33		0.0393958
34		0.0414827
35		0.0441995
36		0.0460548
37		0.0462746
38		0.047772
39		0.0505823
40		0.0525614
41		0.0546971
42		0.0551477
43		0.0611835
44		0.0613022
45		0.0626876
46		0.062803
47		0.0679217
48		0.0689222
49		0.0720693
50		0.0731608
51		0.0751298
52		0.0776108
53		0.0778651
54		0.0793617
55		0.0849124
56		0.085896
57		0.0861116
58		0.0872039
59		0.0921458
60		0.0928835
61		0.0949755
62		0.0967112
63		0.100291
64		0.100941
65		0.102099
66		0.104426
67		0.107593
68		0.108358
69		0.1127
70		0.114612
71		0.116207
72		0.117433
73		0.120657
74		0.123639
75		0.124246
76		0.126613
77		0.128261
78		0.129383
79		0.13031
80		0.133431
81		0.137819
82		0.138411
83		0.139964
84		0.141957
85		0.144994
86		0.147816
87		0.148403
88		0.148723
89		0.153453
90		0.153673
91		0.155123
92		0.158968
93		0.160361
94		0.16183
95		0.163202
96		0.16488
97		0.168993
98		0.170211
99		0.173147
100		0.173268
101		0.175726
102		0.179301
103		0.181106
104		0.18261
105		0.1853
106		0.18547
107		0.189214
108		0.189669
109		0.190119
110		0.192434
111		0.199552
112		0.200161
113		0.201305
114		0.201861
115		0.208403
116		0.208597
117		0.210684
118		0.211487
119		0.21628
120		0.216959
121		0.218317
122		0.218548
123		0.221852
124		0.226058
125		0.226265
126		0.227732
127		0.230762
128		0.23283
129		0.233751
130		0.236763
131		0.237062
132		0.240909
133		0.243032
134		0.244285
135		0.245381
136		0.245654
137		0.2517
138		0.253405
139		0.254299
140		0.254472
141		0.257902
142		0.259372
143		0.260037
144		0.264774
145		0.267821
146		0.268333
147		0.268611
148		0.269586
149		0.276159
150		0.279322
151		0.279628
152		0.281256
153		0.285282
154		0.287859
155		0.288764
156		0.29148
157		0.292837
158		0.294081
159		0.295689
160		0.29905
161		0.30004
162		0.301888
163		0.306541
164		0.307576
165		0.308586
166		0.311705
167		0.31212
168		0.317059
169		0.31757
170		0.319171
171		0.321992
172		0.323318
173		0.324697
174		0.326256
175		0.332103
176		0.332822
177		0.333055
178		0.335472
179		0.338876
180		0.340589
181		0.342414
182		0.343294
183		0.34716
184		0.348111
185		0.349969
186		0.35146
187		0.355434
188		0.357533
189		0.357992
190		0.359925
191		0.361244
192		0.364758
193		0.366964
194		0.369259
195		0.370612
196		0.373064
197		0.374353
198		0.37724
199		0.378831
200		0.379322
201		0.385611
202		0.386361
203		0.386505
204		0.388889
205		0.393763
206		0.395591
207		0.396217
208		0.397599
209		0.40344
210		0.403645
211		0.404587
212		0.405238
213		0.410105
214		0.413421
215		0.413726
216		0.414683
217		0.419389
218		0.421079
219		0.422858
220		0.424213
221		0.426849
222		0.430554
223		0.431307
224		0.431809
225		0.434158
226		0.437038
227		0.439385
228		0.442431
229		0.44396
230		0.444997
231		0.448705
232		0.450062
233		0.450322
234		0.454691
235		0.454958
236		0.457734
237		0.458698
238		0.459409
239		0.465332
240		0.46644
241		0.466933
242		0.467206
243		0.471604
244		0.475015
245		0.477154
246		0.47812
247		0.479773
248		0.481054
249		0.484519
250		0.485599
251		0.48935
252		0.491325
253		0.494994
254		0.495608
255		0.496861
256		0.500857
257		0.503985
258		0.504229
259		0.506865
260		0.508284
261		0.511186
262		0.511901
263		0.513883
264		0.51432
265		0.51942
266		0.52212
267		0.523067
268		0.523182
269		0.525868
270		0.52808
271		0.531463
272		0.534696
273		0.535189
274		0.537177
275		0.537732
276		0.540995
277		0.542596
278		0.544217
279		0.548238
280		0.549785
281		0.550474
282		0.552282
283		0.556536
284		0.560921
285		0.561237
286		0.564641
287		0.567522
288		0.569112
289		0.570639
290		0.574456
291		0.574836
292		0.578764
293		0.579847
294		0.579847
295		0.579847
296		0.581626
297		0.584869
298		0.586632
299		0.58775
300		0.589599
301		0.590646
302		0.592999
303		0.593332
304		0.594024
305		0.601277
306		0.602613
307		0.602766
308		0.604416
309		0.606142
310		0.608838
311		0.611803
312		0.612132
313		0.612784
314		0.617262
315		0.61754
316		0.620111
317		0.622541
318		0.623301
319		0.626056
320		0.628051
321		0.631223
322		0.633573
323		0.634772
324		0.637591
325		0.637873
326		0.639636
327		0.644559
328		0.644689
329		0.647259
330		0.649338
331		0.653488
332		0.654374
333		0.656498
334		0.656764
335		0.662047
336		0.662984
337		0.664818
338		0.665792
339		0.668097
340		0.671361
341		0.672985
342		0.673632
343		0.678372
344		0.680287
345		0.682904
346		0.686325
347		0.687426
348		0.693447
349		0.694769
350		0.695975
351		0.697088
352		0.70094
353		0.703842
354		0.70606
355		0.706099
356		0.706099
357		0.706099
358		0.706386
359		0.709327
360		0.713537
361		0.713563
362		0.71592
363		0.716829
364		0.717218
365		0.721622
366		0.723046
367		0.724115
368		0.726677
369		0.730546
370		0.731136
371		0.732976
372		0.733422
373		0.738194
374		0.738526
375		0.739734
376		0.741999
377		0.743646
378		0.745393
379		0.748442
380		0.749271
381		0.753102
382		0.754693
383		0.755031
384		0.756577
385		0.76269
386		0.762851
387		0.763129
388		0.767572
389		0.770024
390		0.772052
391		0.772845
392		0.774647
393		0.776111
394		0.778414
395		0.78322
396		0.78399
397		0.78456
398		0.787252
399		0.79158
400		0.792091
401		0.793277
402		0.793898
403		0.79904
404		0.799906
405		0.800634
406		0.801349
407		0.806794
408		0.807384
409		0.811265
410		0.811583
411		0.814216
412		0.817431
413		0.81768
414		0.818718
415		0.823342
416		0.825381
417		0.825791
418		0.828818
419		0.830865
420		0.834268
421		0.835314
422		0.836509
423		0.837868
424		0.84035
425		0.842584
426		0.844594
427		0.847384
428		0.850191
429		0.850748
430		0.853569
431		0.855261
432		0.856849
433		0.860368
434		0.861401
435		0.861755
436		0.866761
437		0.870354
438		0.870683
439		0.872023
440		0.872355
441		0.876837
442		0.877193
443		0.880341
444		0.880632
445		0.884633
446		0.887753
447		0.887925
448		0.88865
449		0.893613
450		0.893894
451		0.894839
452		0.898552
453		0.900446
454		0.90352
455		0.903759
456		0.904072
457		0.90592
458		0.91084
459		0.913532
460		0.914053
461		0.917112
462		0.917302
463		0.922646
464		0.922841
465		0.923087
466		0.927205
467		0.930669
468		0.931453
469		0.932028
470		0.932557
471		0.938445
472		0.938806
473		0.939617
474		0.940605
475		0.945978
476		0.948107
477		0.948224
478		0.948878
479		0.954039
480		0.956706
481		0.958151
482		0.958895
483		0.9638
484		0.964133
485		0.965453
486		0.969003
487		0.969308
488		0.972518
489		0.972984
490		0.975862
491		0.976221
492		0.979758
493		0.982489
494		0.982827
495		0.983123
496		0.987294
497		0.991647
498		0.992054
499		0.993703
500		0.994334
501		0.999241
502		0.999458
503		0.999539
504		1
505		1
506		1
507		1
508		1
509		1
510		1
511		1
512		1
513		1
514		1
515		1
516		1
517		1
518		1
519		1
520		1
521		1
522		1
523		1
524		1
525		1
526		1
527		1
528		1
529		1
530		1
531		1
532		1
533		1
534		1
535		1
536		1
537		1
538		1
539		1
540		1
541		1
542		1
543		1
544		1
545		1
546		1
547		1
548		1
549		1
550		1
551		1
552		1
553		1
554		1
555		1
556		1
557		1
558		1
559		1
560		1
561		1
562		1
563		1
564		1
565		1
566		1
567		1
568		1
569		1
570		1
571		1
572		1
573		1
574		1
575		1
576		1
577		1
578		1
579		1
580		1
581		1
582		1
583		1
584		1
585		1
586		1
587		1
588		1
589		1
590		1
591		1
592		1
593		1
594		1
595		1
596		1
597		1
598		1
599		1
600		1
