# Calibration file of tamex_id 1 @ channel 47
# fine_T bin		 Calibration value
1		0
2		0
3		0
4		0
5		0
6		0
7		0
8		0
9		0
10		0
11		0
12		0
13		0
14		0
15		0
16		0
17		0.00677989
18		0.00799259
19		0.00956348
20		0.0112111
21		0.0160364
22		0.0193828
23		0.0197307
24		0.0205853
25		0.0235531
26		0.0273907
27		0.0278103
28		0.0298213
29		0.0308958
30		0.0351019
31		0.0354345
32		0.0373943
33		0.0376962
34		0.0394103
35		0.044343
36		0.0448342
37		0.0470601
38		0.0476997
39		0.0509387
40		0.0513327
41		0.0548736
42		0.056905
43		0.0588034
44		0.0589825
45		0.0610394
46		0.0614488
47		0.06741
48		0.0678756
49		0.0692879
50		0.0694721
51		0.0738163
52		0.075597
53		0.0797673
54		0.0804683
55		0.0834821
56		0.0844185
57		0.0857848
58		0.0881846
59		0.0917511
60		0.0927284
61		0.0935778
62		0.094243
63		0.0960902
64		0.0986537
65		0.102404
66		0.102926
67		0.102931
68		0.107138
69		0.107639
70		0.11095
71		0.112393
72		0.114511
73		0.115406
74		0.117438
75		0.118369
76		0.123701
77		0.124156
78		0.126469
79		0.12716
80		0.131269
81		0.134513
82		0.135859
83		0.136043
84		0.141042
85		0.142495
86		0.144256
87		0.146568
88		0.146947
89		0.148482
90		0.151056
91		0.152366
92		0.156137
93		0.157278
94		0.158179
95		0.160159
96		0.164841
97		0.165593
98		0.167783
99		0.170301
100		0.170546
101		0.171933
102		0.175254
103		0.175561
104		0.181455
105		0.18189
106		0.182929
107		0.184868
108		0.185155
109		0.187319
110		0.191264
111		0.192513
112		0.19544
113		0.195829
114		0.196601
115		0.201759
116		0.202742
117		0.202926
118		0.206595
119		0.207639
120		0.211077
121		0.212561
122		0.213815
123		0.21451
124		0.218251
125		0.222288
126		0.222667
127		0.223414
128		0.22432
129		0.229595
130		0.233192
131		0.233704
132		0.23398
133		0.235925
134		0.237639
135		0.241072
136		0.243743
137		0.246215
138		0.24732
139		0.249131
140		0.249484
141		0.251623
142		0.253215
143		0.258654
144		0.259514
145		0.260174
146		0.260783
147		0.263587
148		0.265864
149		0.269266
150		0.270136
151		0.271948
152		0.273493
153		0.275647
154		0.278374
155		0.282294
156		0.282345
157		0.282437
158		0.286776
159		0.287677
160		0.289806
161		0.292042
162		0.292164
163		0.296186
164		0.297865
165		0.298745
166		0.303862
167		0.303985
168		0.306036
169		0.306835
170		0.30861
171		0.31274
172		0.31429
173		0.314413
174		0.318399
175		0.319468
176		0.323552
177		0.324457
178		0.325603
179		0.327302
180		0.330551
181		0.331227
182		0.335837
183		0.336027
184		0.33683
185		0.340018
186		0.34252
187		0.343323
188		0.346532
189		0.349187
190		0.35062
191		0.352508
192		0.353363
193		0.358162
194		0.359273
195		0.360741
196		0.363361
197		0.365188
198		0.365986
199		0.369225
200		0.369511
201		0.372617
202		0.37622
203		0.377069
204		0.377724
205		0.381459
206		0.382181
207		0.383107
208		0.387057
209		0.389365
210		0.389887
211		0.391473
212		0.391801
213		0.39418
214		0.398954
215		0.401149
216		0.402229
217		0.402444
218		0.405007
219		0.408303
220		0.409812
221		0.412662
222		0.41521
223		0.415564
224		0.417569
225		0.420379
226		0.420757
227		0.425726
228		0.42658
229		0.426862
230		0.427174
231		0.433232
232		0.433662
233		0.438666
234		0.438794
235		0.439209
236		0.443686
237		0.444054
238		0.446403
239		0.449683
240		0.451008
241		0.455573
242		0.455977
243		0.456217
244		0.461237
245		0.461769
246		0.463094
247		0.464251
248		0.46489
249		0.469506
250		0.470959
251		0.47255
252		0.474541
253		0.476884
254		0.480446
255		0.48174
256		0.482267
257		0.482661
258		0.48675
259		0.488106
260		0.489938
261		0.494307
262		0.494962
263		0.497797
264		0.498989
265		0.500739
266		0.501492
267		0.505212
268		0.507944
269		0.508118
270		0.510144
271		0.514519
272		0.515077
273		0.515563
274		0.517876
275		0.521212
276		0.523279
277		0.526651
278		0.527199
279		0.527204
280		0.531814
281		0.533344
282		0.535094
283		0.538702
284		0.541664
285		0.545584
286		0.547196
287		0.548224
288		0.549212
289		0.551484
290		0.557184
291		0.557184
292		0.559277
293		0.559768
294		0.561323
295		0.566241
296		0.567177
297		0.570421
298		0.573399
299		0.574443
300		0.580036
301		0.582528
302		0.586304
303		0.588289
304		0.591196
305		0.592542
306		0.592705
307		0.593867
308		0.599281
309		0.600258
310		0.601471
311		0.603123
312		0.603666
313		0.607713
314		0.608665
315		0.609791
316		0.612467
317		0.614529
318		0.616611
319		0.618433
320		0.618699
321		0.623806
322		0.624727
323		0.624865
324		0.628687
325		0.632576
326		0.635575
327		0.635836
328		0.637007
329		0.638082
330		0.64171
331		0.643004
332		0.648254
333		0.648827
334		0.651145
335		0.651724
336		0.653105
337		0.653714
338		0.660059
339		0.661236
340		0.661615
341		0.66424
342		0.668517
343		0.671065
344		0.674356
345		0.676597
346		0.676935
347		0.677687
348		0.682512
349		0.6857
350		0.6857
351		0.688028
352		0.689077
353		0.692162
354		0.692367
355		0.695918
356		0.697678
357		0.700754
358		0.702662
359		0.709033
360		0.709268
361		0.712594
362		0.715864
363		0.717189
364		0.719349
365		0.719543
366		0.723539
367		0.724128
368		0.726783
369		0.727597
370		0.72948
371		0.734167
372		0.73453
373		0.736321
374		0.738117
375		0.741428
376		0.743337
377		0.74436
378		0.745839
379		0.747788
380		0.748474
381		0.751575
382		0.754333
383		0.756313
384		0.758155
385		0.758682
386		0.758989
387		0.760289
388		0.766357
389		0.76691
390		0.768706
391		0.768998
392		0.771208
393		0.774278
394		0.776683
395		0.778832
396		0.779697
397		0.782522
398		0.785397
399		0.786886
400		0.788718
401		0.789721
402		0.791077
403		0.793789
404		0.797468
405		0.799607
406		0.799848
407		0.800021
408		0.802913
409		0.803593
410		0.808209
411		0.810102
412		0.810619
413		0.810629
414		0.813295
415		0.817716
416		0.819343
417		0.82053
418		0.820842
419		0.82426
420		0.82776
421		0.829812
422		0.831178
423		0.832504
424		0.834781
425		0.835768
426		0.839135
427		0.842563
428		0.842947
429		0.84352
430		0.843699
431		0.847245
432		0.850566
433		0.851293
434		0.854665
435		0.8549
436		0.855243
437		0.859966
438		0.861557
439		0.865021
440		0.866342
441		0.86715
442		0.872211
443		0.872932
444		0.87482
445		0.876371
446		0.877148
447		0.877517
448		0.88249
449		0.885422
450		0.886712
451		0.88706
452		0.888769
453		0.893993
454		0.895175
455		0.896327
456		0.896562
457		0.900799
458		0.901945
459		0.905204
460		0.906683
461		0.910081
462		0.910285
463		0.911595
464		0.913468
465		0.91597
466		0.917019
467		0.921742
468		0.922633
469		0.923641
470		0.925805
471		0.926967
472		0.928174
473		0.932114
474		0.934197
475		0.936438
476		0.937646
477		0.93804
478		0.941319
479		0.944431
480		0.945085
481		0.948043
482		0.948785
483		0.950346
484		0.954956
485		0.956071
486		0.956793
487		0.960799
488		0.961173
489		0.962862
490		0.967277
491		0.967559
492		0.967769
493		0.972614
494		0.973899
495		0.974344
496		0.975408
497		0.978391
498		0.979819
499		0.982096
500		0.986763
501		0.986942
502		0.987346
503		0.990524
504		0.992422
505		0.996393
506		0.998915
507		0.999928
508		0.999974
509		0.99999
510		1
511		1
512		1
513		1
514		1
515		1
516		1
517		1
518		1
519		1
520		1
521		1
522		1
523		1
524		1
525		1
526		1
527		1
528		1
529		1
530		1
531		1
532		1
533		1
534		1
535		1
536		1
537		1
538		1
539		1
540		1
541		1
542		1
543		1
544		1
545		1
546		1
547		1
548		1
549		1
550		1
551		1
552		1
553		1
554		1
555		1
556		1
557		1
558		1
559		1
560		1
561		1
562		1
563		1
564		1
565		1
566		1
567		1
568		1
569		1
570		1
571		1
572		1
573		1
574		1
575		1
576		1
577		1
578		1
579		1
580		1
581		1
582		1
583		1
584		1
585		1
586		1
587		1
588		1
589		1
590		1
591		1
592		1
593		1
594		1
595		1
596		1
597		1
598		1
599		1
600		1
